cmd: ./raytracer test_scene
events: Ir
fl=./csu/../csu/libc-start.c
fn=__libc_start_main@@GLIBC_2.34
128 2
134 3
135 7
138 1
139 2
142 3
143 2
144 11
145 4
242 13
311 3
312 3
337 6
340 2
343 2
350 2
352 2
360 4
fl=./csu/../sysdeps/nptl/libc_start_call_main.h
fn=(below main)
29 9
44 3
46 2
51 2
52 2
55 2
58 6
fl=./csu/./csu/errno-loc.c
fn=__errno_location
25 70
26 140
27 70
fl=./csu/./csu/init-first.c
fn=_init_first
46 6
51 2
55 5
61 1
62 1
63 2
71 2
72 3
fl=./ctype/./ctype/ctype-info.c
fn=__ctype_init
29 33
31 231
33 132
35 132
36 33
fl=./debug/../sysdeps/x86_64/multiarch/ifunc-memmove.h
fn=__memcpy_chk
56 6
57 9
60 9
61 6
74 6
77 6
85 6
93 6
96 15
fn=__memmove_chk
56 2
57 3
60 3
61 2
74 2
77 2
85 2
93 2
96 5
fn=__mempcpy_chk
56 2
57 3
60 3
61 2
74 2
77 2
85 2
93 2
96 5
fl=./debug/../sysdeps/x86_64/multiarch/ifunc-memset.h
fn=__memset_chk
54 20
57 12
58 8
64 8
73 8
75 8
85 8
93 8
96 20
fl=./debug/../sysdeps/x86_64/multiarch/memcpy_chk.c
fn=__memcpy_chk
29 3
fl=./debug/../sysdeps/x86_64/multiarch/memmove_chk.c
fn=__memmove_chk
29 1
fl=./debug/../sysdeps/x86_64/multiarch/mempcpy_chk.c
fn=__mempcpy_chk
29 1
fl=./debug/../sysdeps/x86_64/multiarch/memset_chk.c
fn=__memset_chk
29 4
fl=./debug/./debug/snprintf_chk.c
fn=__snprintf_chk
27 24
28 4
33 6
37 12
38 6
42 10
fl=./debug/./debug/strcpy_chk.c
fn=__strcpy_chk
27 30
28 6
29 6
32 12
33 15
fl=./debug/./debug/strncpy_chk.c
fn=__strncpy_chk
24 1
25 2
28 1
fl=./dlfcn/./dlfcn/libc_dlerror_result.c
fn=__libc_dlerror_result_free
29 160
30 128
39 96
fl=./elf/../bits/stdlib-bsearch.h
fn=intel_check_word.constprop.0
27 96
28 48
29 744
31 648
32 348
35 264
37 120
fl=./elf/../elf/dl-tls.c
fn=_dl_add_to_slotinfo
1017 9
1023 1
1026 1
1027 1
1031 3
1065 2
1068 2
1069 3
1072 6
fn=_dl_allocate_tls
365 32
369 32
370 32
371 64
374 32
380 96
530 64
531 32
534 64
537 96
549 32
554 416
560 128
563 96
564 64
570 96
571 64
573 192
576 64
577 64
580 64
581 128
583 64
584 64
593 32
603 416
609 96
615 64
618 32
620 32
626 320
627 64
630 256
fn=_dl_allocate_tls_init
523 11
524 2
528 2
531 1
534 2
537 3
549 1
554 17
560 5
563 3
564 2
570 3
571 2
573 10
576 2
577 2
580 2
581 4
583 2
584 2
593 1
601 2
603 10
609 1
615 2
618 2
621 9
fn=_dl_allocate_tls_storage
365 1
369 1
370 1
371 2
374 1
380 2
417 7
419 1
430 1
431 1
432 2
440 6
441 1
445 305
464 1
470 7
fn=_dl_assign_tls_modid
125 4
128 2
141 1
181 1
183 1
186 1
187 2
fn=_dl_count_modids
192 1
194 2
195 1
210 2
fn=_dl_deallocate_tls
636 252
637 28
640 952
641 1260
644 56
645 28
647 56
649 168
fn=_dl_determine_tlsoffset
216 9
217 1
218 1
219 1
222 4
225 2
259 1
261 11
263 5
265 3
266 2
268 2
270 5
281 1
286 8
288 2
289 1
294 1
301 1
302 7
304 2
354 1
355 8
fn=_dl_tls_static_surplus_init
83 3
97 8
100 6
101 5
102 3
104 4
107 1
109 1
111 3
112 6
fl=./elf/../include/list.h
fn=__tls_init_tp
43 2
44 2
45 1
47 1
fl=./elf/../include/rtld-malloc.h
fn=__minimal_calloc
56 24
fn=_dl_allocate_tls
44 64
fn=_dl_allocate_tls_storage
44 2
56 1
fn=_dl_check_map_versions
44 33
fn=_dl_deallocate_tls
50 868
fn=_dl_find_object_init
56 2
fn=_dl_important_hwcaps
56 4
fn=_dl_init_paths
56 5
fn=_dl_map_object_deps
56 22
fn=_dl_new_object
44 33
56 30
fn=fillin_rpath.isra.0
50 2
51 1
56 2
fn=init_tls
44 2
fl=./elf/../include/scratch_buffer.h
fn=_dl_map_object_deps
77 2
78 1
85 3
131 40
fl=./elf/../misc/sbrk.c
fn=sbrk
37 6
40 1
58 2
62 2
78 5
fl=./elf/../nptl/nptl-stack.h
fn=__libc_early_init
61 8
fl=./elf/../sysdeps/generic/_itoa.h
fn=_dl_check_map_versions
76 42
fl=./elf/../sysdeps/generic/dl-cache.h
fn=_dl_load_cache_lookup
125 9
194 1
195 5
fl=./elf/../sysdeps/generic/dl-call_tls_init_tp.h
fn=init_tls
31 8
33 1
fl=./elf/../sysdeps/generic/dl-debug.h
fn=dl_main
29 4
30 1
fl=./elf/../sysdeps/generic/dl-hash.h
fn=__rtld_malloc_init_real
43 1
44 1
45 19
48 18
62 24
67 1
72 1
fl=./elf/../sysdeps/generic/dl-new-hash.h
fn=_dl_lookup_symbol_x
69 512
70 1024
74 3663
77 7326
80 3359
81 6718
87 208
88 208
89 416
90 208
99 3151
101 3151
102 6302
104 3151
105 3151
fl=./elf/../sysdeps/generic/dl-protected.h
fn=do_lookup_x
29 1924
fl=./elf/../sysdeps/generic/ldsodefs.h
fn=_dl_relocate_object
79 102
140 1356
fn=_dl_start
79 6
fn=do_lookup_x
139 962
140 1443
fl=./elf/../sysdeps/nptl/dl-mutex.c
fn=__rtld_mutex_init
30 7
37 1
40 7
44 2
45 9
47 6
51 2
52 7
53 6
fl=./elf/../sysdeps/nptl/dl-tls_init_tp.c
fn=__tls_init_tp
68 5
69 1
72 1
75 4
76 2
77 1
82 2
87 4
90 1
93 3
105 4
121 3
128 2
129 3
fn=__tls_pre_init_tp
53 3
56 10
61 2
62 1
64 1
fn=rtld_mutex_dummy
42 24
44 48
fl=./elf/../sysdeps/nptl/pthread_early_init.h
fn=__libc_early_init
33 6
34 1
38 5
45 2
46 1
48 2
52 5
53 1
54 1
56 1
fl=./elf/../sysdeps/posix/dl-fileid.h
fn=_dl_map_object_from_fd
37 40
40 40
49 220
fl=./elf/../sysdeps/unix/sysv/linux/brk.c
fn=brk
36 1
37 1
38 2
44 1
45 1
fl=./elf/../sysdeps/unix/sysv/linux/brk_call.h
fn=brk
24 2
fl=./elf/../sysdeps/unix/sysv/linux/dl-osinfo.h
fn=dl_main
39 2
52 1
fl=./elf/../sysdeps/unix/sysv/linux/dl-parse_auxv.h
fn=_dl_sysdep_parse_arguments
32 2
33 1
34 1
41 93
42 44
43 44
45 1
46 2
47 2
48 2
49 1
51 2
52 2
53 2
54 2
56 2
fl=./elf/../sysdeps/unix/sysv/linux/dl-sysdep.c
fn=_dl_sysdep_parse_arguments
78 7
79 2
80 2
81 3
82 53
83 109
86 2
90 56
93 5
94 2
95 3
96 6
fn=_dl_sysdep_start
102 6
103 1
106 2
110 2
113 1
115 2
122 3
123 2
125 5
137 3
140 5
143 4
fn=_dl_sysdep_start_cleanup
147 1
148 1
fl=./elf/../sysdeps/unix/sysv/linux/dl-vdso-setup.h
fn=dl_main
30 1
33 1
36 1
39 1
45 1
fl=./elf/../sysdeps/unix/sysv/linux/dl-vdso.h
fn=dl_main
40 2
41 5
55 2
fl=./elf/../sysdeps/unix/sysv/linux/rseq-internal.h
fn=__tls_init_tp
32 3
34 7
37 2
40 1
fl=./elf/../sysdeps/unix/sysv/linux/x86/dl-hwcap2.h
fn=update_active.constprop.0
25 2
fl=./elf/../sysdeps/unix/sysv/linux/x86/dl-minsigstacksize.h
fn=get_common_indices.constprop.0
24 2
27 2
28 2
65 3
72 1
74 1
fl=./elf/../sysdeps/x86/cpu-features.c
fn=get_common_indices.constprop.0
398 3
402 4
405 5
409 1
410 4
411 4
412 4
413 3
414 2
421 2
423 9
428 8
435 2
436 7
442 2
457 3
fn=init_cpu_features.constprop.0
376 3
377 2
378 6
383 2
384 6
389 2
390 7
682 8
685 1
686 1
687 1
690 1
699 3
702 6
703 1
706 2
708 6
713 1
715 3
717 9
721 7
774 3
781 2
799 1
832 2
866 4
869 2
870 1
878 2
885 2
887 2
891 2
897 2
899 1
1001 3
1002 2
1005 2
1006 2
1012 1
1013 1
1014 1
1015 2
1019 4
1022 4
1028 3
1041 2
1042 4
1081 1
1082 2
1086 3
1103 2
1104 2
1106 3
1107 2
1109 3
1110 2
1113 2
1127 4
1129 4
1135 4
1142 8
fn=update_active.constprop.0
72 8
76 1
84 3
85 3
86 1
94 4
95 1
103 4
104 1
109 4
112 4
113 1
116 5
117 2
121 5
122 3
123 3
124 2
128 5
129 5
130 3
132 2
133 4
147 2
151 7
152 4
154 3
158 4
161 1
164 2
166 2
170 1
171 1
178 4
180 5
186 4
188 5
190 4
195 5
244 3
245 3
261 4
277 2
281 2
282 1
285 4
289 2
293 3
294 2
296 1
297 1
300 2
302 1
305 2
356 5
360 3
369 1
370 8
fl=./elf/../sysdeps/x86/dl-cacheinfo.h
fn=get_common_cache_info.constprop.0
571 11
586 1
587 1
588 2
589 1
590 2
596 3
598 7
601 2
613 1
618 3
622 2
627 5
630 24
637 8
640 26
645 2
649 3
650 2
654 2
658 3
661 4
662 1
667 4
673 4
681 6
683 2
685 4
687 12
689 1
690 1
691 9
693 4
696 7
701 1
703 4
704 3
705 1
708 2
711 2
718 1
720 4
721 1
726 2
731 2
732 1
733 2
734 1
759 3
770 5
771 5
775 2
782 1
783 2
784 1
785 7
fn=handle_intel.constprop.0
250 108
255 24
261 12
262 12
267 48
271 24
276 24
279 60
281 24
284 60
286 24
305 96
fn=init_cpu_features.constprop.0
792 1
793 1
795 1
809 2
811 3
812 3
813 3
814 2
817 3
819 3
820 2
822 3
824 3
825 1
827 3
829 3
830 2
832 3
834 3
836 3
838 5
894 2
895 2
896 2
897 2
898 2
899 2
900 1
901 1
902 1
903 1
904 1
905 1
907 1
910 3
924 3
925 7
930 2
931 6
932 2
939 3
959 6
968 2
969 2
974 12
987 5
995 7
997 2
1000 5
1002 2
1005 5
1006 5
1010 6
1011 3
1017 7
1020 11
1021 10
1022 13
1025 10
1027 10
1040 4
1042 2
1043 2
1044 1
1045 1
1046 1
1047 1
fn=intel_check_word.constprop.0
110 648
113 324
119 216
123 48
125 12
129 120
131 144
133 60
135 120
143 120
152 12
155 138
158 99
162 58
164 189
167 120
168 72
169 60
170 48
172 11
174 22
176 12
177 16
178 12
179 20
180 14
181 12
183 8
184 12
187 21
190 2
194 192
202 168
216 48
246 144
fl=./elf/../sysdeps/x86/dl-get-cpu-features.c
fn=__x86_cpu_features
39 3
71 3
fn=_dl_x86_init_cpu_features
37 1
39 3
41 1
fl=./elf/../sysdeps/x86/dl-isa-level.h
fn=_dl_load_cache_lookup
28 54
fl=./elf/../sysdeps/x86/dl-procinfo.h
fn=_dl_load_cache_lookup
39 18
42 63
fl=./elf/../sysdeps/x86/dl-prop.h
fn=_dl_map_object_from_fd
149 40
fn=_dl_process_pt_gnu_property
95 56
102 28
115 28
118 14
252 6
253 3
254 22
255 11
257 56
258 8
260 14
fn=dl_main
36 2
37 39
40 15
49 70
53 58
71 2
149 4
235 4
236 2
fl=./elf/../sysdeps/x86/get-isa-level.h
fn=_dl_hwcaps_subdirs_active
30 4
31 1
32 3
36 3
39 4
40 4
45 4
48 2
51 5
53 4
54 2
55 2
58 4
fn=update_active.constprop.0
28 1
30 4
31 1
32 3
36 3
38 1
39 2
40 4
45 4
47 1
48 2
51 5
53 4
54 2
55 2
57 1
58 4
fl=./elf/../sysdeps/x86_64/dl-cet.c
fn=_dl_cet_check
145 2
157 2
173 1
179 1
275 2
276 1
277 2
282 4
283 3
285 2
293 5
296 1
300 2
301 1
302 2
303 2
304 2
305 2
308 1
310 1
313 2
361 8
363 6
fn=_dl_cet_setup_features
331 1
334 2
350 1
fl=./elf/../sysdeps/x86_64/dl-hwcaps-subdirs.c
fn=_dl_hwcaps_subdirs_active
29 1
38 3
43 1
48 1
52 1
fl=./elf/../sysdeps/x86_64/dl-irel.h
fn=_dl_fixup
32 14
fl=./elf/../sysdeps/x86_64/dl-machine.h
fn=_dl_fixup
234 94
fn=_dl_relocate_object
81 52
87 20
91 15
97 5
108 15
129 10
132 10
134 20
267 934
274 934
278 934
287 4042
290 925
291 136
292 1744
295 42
296 63
307 42
314 105
317 2802
320 230
323 230
393 60
400 51
402 68
406 51
415 34
423 946
436 7
476 136
478 68
479 68
498 3342
499 1114
503 2228
504 2228
514 530
518 530
521 795
522 265
730 24
734 12
fn=_dl_start
55 1
278 9
287 27
290 6
291 12
317 8
323 2
fn=_dl_sysdep_start
220 1
fl=./elf/../sysdeps/x86_64/dl-runtime.h
fn=_dl_fixup
28 94
fl=./elf/../sysdeps/x86_64/dl-trampoline.h
fn=_dl_runtime_resolve_xsave
71 94
76 94
79 94
81 94
91 94
97 94
98 94
99 94
100 94
101 94
102 94
103 94
107 94
108 94
111 94
112 94
114 94
115 94
116 94
117 94
118 94
119 94
121 94
128 94
129 94
130 94
131 94
136 94
137 94
138 94
140 94
141 94
142 94
143 94
144 94
145 94
146 94
148 94
150 94
154 94
156 94
fl=./elf/./dl-find_object.h
fn=_dl_find_object_from_map
95 24
96 24
97 12
103 60
104 327
105 226
107 36
112 12
fl=./elf/./dl-hwcaps.h
fn=_dl_important_hwcaps
43 9
45 7
46 1
77 8
78 8
79 7
fl=./elf/./dl-load.h
fn=_dl_map_object_from_fd
91 80
92 36
93 45
94 36
96 36
fl=./elf/./dl-main.h
fn=dl_main
109 5
fl=./elf/./dl-map-segments.h
fn=_dl_map_object_from_fd
28 30
29 90
81 10
101 10
102 30
105 30
106 20
108 20
125 10
135 240
137 120
139 300
149 160
155 20
156 10
157 30
158 20
160 20
165 20
168 30
176 70
182 20
186 16
189 4
194 40
fl=./elf/./dl-sym-post.h
fn=lookup_malloc_symbol
41 8
53 12
fl=./elf/./dl-tunable-types.h
fn=__GI___tunable_set_val
84 5
fl=./elf/./elf/dl-audit.c
fn=_dl_audit_activity_map
29 7
30 1
31 3
37 6
fn=_dl_audit_activity_nsid
41 3
45 12
46 3
47 15
fn=_dl_audit_objclose
97 12
98 48
fn=_dl_audit_objopen
77 10
78 40
fn=_dl_audit_preinit
118 1
119 4
fl=./elf/./elf/dl-cache.c
fn=_dl_cache_libcmp
357 182
358 1085
360 1458
362 512
368 52
369 39
370 455
371 6
372 455
373 6
374 26
380 946
381 5
382 936
383 225
386 393
387 393
390 124
391 5
fn=_dl_load_cache_lookup
191 160
205 9
208 72
210 90
211 18
213 45
220 187
222 490
223 160
227 240
231 240
232 160
240 40
242 22
245 22
247 66
249 11
259 18
269 27
270 36
286 63
295 18
298 18
301 9
302 27
330 18
346 71
347 43
349 28
403 90
405 18
408 27
411 5
419 5
420 8
423 6
424 1
431 1
432 2
477 24
482 27
485 27
500 18
512 27
513 135
514 36
515 9
516 72
fn=_dl_unload_cache
525 3
526 4
528 2
529 1
533 1
535 2
fl=./elf/./elf/dl-call-libc-early-init.c
fn=_dl_call_libc_early_init
27 7
29 2
33 5
37 2
39 4
40 2
41 3
fl=./elf/./elf/dl-call_fini.c
fn=_dl_call_fini
24 96
28 24
32 12
34 12
35 24
38 20
39 30
42 84
43 11
47 12
48 24
49 30
50 62
fl=./elf/./elf/dl-catch.c
fn=_dl_catch_error
254 12
256 2
257 2
258 2
259 2
261 6
fn=_dl_catch_exception
58 63
59 42
69 42
70 105
204 168
207 42
214 21
228 21
229 42
235 126
237 63
239 84
248 63
fn=_dl_receive_error
58 2
59 1
69 2
70 2
186 7
188 1
192 1
194 1
197 1
198 4
fl=./elf/./elf/dl-debug.c
fn=_dl_debug_initialize
56 3
57 1
59 2
61 2
63 3
64 1
85 3
90 3
91 2
92 1
95 3
96 6
99 2
107 2
fn=_dl_debug_state
116 2
117 2
fn=_dl_debug_update
38 11
40 22
41 11
44 22
48 11
fl=./elf/./elf/dl-deps.c
fn=_dl_map_object_deps
128 3
129 5
130 6
132 3
136 8
143 13
144 20
160 9
161 1
164 1
182 1
183 6
184 1
188 25
190 52
193 12
197 36
198 81
201 40
205 20
208 32
210 40
215 10
216 10
217 20
218 20
219 10
221 1174
222 552
228 185
230 20
232 80
233 40
242 20
244 40
249 70
252 10
253 10
254 10
255 20
256 10
257 10
259 40
263 60
264 48
266 768
417 24
419 50
422 20
423 40
429 10
430 50
431 50
434 10
435 20
439 36
441 12
442 57
448 5
449 1
452 4
463 5
465 4
470 5
471 1
472 2
474 40
478 12
483 24
485 36
490 12
494 2
495 3
532 2
533 2
547 9
552 9
553 5
557 1
559 2
560 1
561 3
568 3
571 2
574 8
fn=openaux
61 120
64 220
65 20
68 20
69 60
fl=./elf/./elf/dl-environ.c
fn=_dl_next_ld_env_entry
28 3
29 3
32 163
34 106
35 18
37 2
40 4
42 2
45 51
fl=./elf/./elf/dl-find_object.c
fn=_dl_find_object_init
561 5
564 1
566 2
567 3
579 2
580 3
582 2
585 2
590 1
591 1
594 3
596 2
599 6
601 1
604 4
fn=_dlfo_process_initial
474 8
475 2
477 2
478 4
504 24
505 54
506 24
508 92
511 88
513 66
515 22
516 22
517 44
529 2
531 8
fn=_dlfo_sort_mappings
536 1
537 2
540 44
544 20
545 215
546 275
548 6
549 6
553 40
554 50
555 20
557 1
fl=./elf/./elf/dl-fini.c
fn=_dl_fini
26 11
43 1
46 13
49 2
51 1
54 2
56 5
61 1
63 4
68 18
73 40
75 24
77 24
79 24
80 12
81 12
85 12
87 6
88 6
94 6
103 2
108 66
110 12
112 24
114 48
117 24
122 12
126 5
132 6
134 1
138 2
145 8
fl=./elf/./elf/dl-hwcaps.c
fn=_dl_important_hwcaps
52 16
54 2
55 4
56 2
57 2
77 16
80 16
84 2
86 6
87 2
88 2
100 5
102 3
105 1
108 1
112 5
125 12
127 10
128 4
129 4
130 2
133 3
142 13
143 11
145 8
151 5
155 4
156 3
157 3
161 1
162 2
163 2
172 14
174 2
175 3
185 2
186 3
189 3
193 2
194 2
201 1
202 5
208 2
209 1
213 3
216 9
fl=./elf/./elf/dl-hwcaps_split.c
fn=_dl_hwcaps_split
25 5
26 3
27 1
47 4
fn=_dl_hwcaps_split_masked
26 44
30 24
34 78
35 12
36 24
41 36
42 18
43 12
45 6
51 110
55 5
56 18
57 27
58 24
60 6
62 88
67 12
fl=./elf/./elf/dl-init.c
fn=_dl_init
29 26
35 65
37 66
81 13
82 1
83 1
86 3
89 2
94 4
119 1
120 52
121 24
127 8
fn=call_init.part.0
26 144
43 36
46 36
47 2
51 22
59 33
60 54
63 11
64 22
70 30
72 20
73 98
74 48
76 96
fl=./elf/./elf/dl-load.c
fn=_dl_dst_count
238 180
241 40
244 40
245 20
264 180
fn=_dl_init_paths
706 13
720 4
725 1
727 3
734 3
735 2
739 4
741 4
747 1
748 1
756 8
758 8
759 4
761 5
762 7
763 4
766 13
767 10
768 18
770 32
776 1
777 1
782 1
785 3
787 4
789 3
806 1
808 3
822 2
825 5
827 23
831 2
832 60
833 14
834 28
836 1
837 1
838 2
844 6
847 3
853 1
857 8
fn=_dl_map_object
682 126
685 16
688 24
691 8
692 4
696 45
1967 252
1969 10
1975 42
1976 84
1979 588
1984 910
1986 650
1990 238
1991 357
1994 400
1995 240
1996 400
2010 40
2011 30
2019 30
2034 10
2036 50
2040 36
2042 18
2049 36
2053 9
2054 9
2058 63
2059 21
2073 45
2074 63
2075 9
2084 18
2099 18
2100 144
2106 27
2107 9
2115 9
2129 18
2131 27
2135 27
2137 18
2141 18
2149 18
2172 81
2176 27
2177 9
2194 18
2200 1
2201 4
2202 2
2203 2
2207 9
2210 3
2222 40
2267 20
2268 178
2270 199
fn=_dl_map_object_from_fd
944 140
959 40
989 265
990 130
1008 20
1036 40
1046 20
1053 80
1054 20
1065 20
1066 30
1067 20
1069 30
1070 40
1071 18
1074 17
1075 6
1086 10
1088 10
1090 220
1091 10
1092 10
1093 10
1094 10
1100 399
1101 981
1107 20
1114 21
1115 30
1116 100
1121 2
1122 1
1127 310
1135 200
1136 260
1137 200
1138 40
1139 80
1141 280
1143 80
1156 80
1157 150
1162 40
1163 410
1176 3
1180 4
1181 1
1185 5
1186 2
1189 1
1194 4
1209 20
1210 10
1213 30
1218 70
1228 190
1229 80
1235 20
1245 40
1252 70
1264 10
1268 40
1269 30
1275 30
1276 20
1278 20
1288 30
1307 30
1309 60
1361 30
1362 2
1368 326
1369 525
1375 153
1380 40
1393 20
1395 40
1397 20
1413 20
1417 20
1418 20
1435 20
1436 1
1439 20
1444 20
1449 20
1461 80
1462 15
1463 36
1464 12
1465 5
1471 20
1472 4
1477 2
1484 30
1487 20
1491 30
1492 30
1510 20
1514 70
1515 40
1519 90
fn=_dl_process_pt_gnu_property
868 33
869 22
870 11
876 22
882 55
885 33
886 22
887 22
890 33
891 33
895 11
896 22
900 28
901 14
904 28
907 14
908 56
918 33
920 44
fn=expand_dynamic_string_token
241 6
244 4
385 20
399 4
410 14
fn=fillin_rpath.isra.0
468 17
472 1
474 12
481 2
483 6
487 2
492 3
493 2
500 5
505 2
509 15
510 8
528 4
532 4
534 2
538 1
539 2
540 4
541 1
543 2
549 4
550 14
551 4
553 2
554 3
555 1
561 2
562 1
565 3
571 1
574 8
fn=open_path
1812 99
1813 18
1816 9
1817 9
1819 18
1822 18
1824 198
1827 18
1831 9
1835 54
1842 54
1843 198
1846 54
1851 121
1854 22
1860 33
1863 88
1865 33
1867 6
1872 6
1873 21
1879 9
1881 36
1882 2
1884 3
1891 78
1893 28
1937 72
1941 9
1943 36
1946 27
1960 81
fn=open_verify.constprop.0
1572 252
1604 63
1609 22
1623 105
1625 42
1633 10
1634 30
1639 60
1641 20
1643 20
1645 20
1651 20
1668 136
1749 20
1754 20
1760 40
1766 20
1772 40
1773 40
1777 16
1778 5
1799 189
fl=./elf/./elf/dl-lookup-direct.c
fn=_dl_lookup_direct
32 15
33 9
35 6
36 6
48 9
51 6
53 21
57 9
58 21
59 15
74 39
76 6
78 21
79 6
81 12
84 25
86 12
93 6
115 3
116 27
fl=./elf/./elf/dl-lookup.c
fn=_dl_lookup_symbol_x
772 6656
774 1024
775 2048
778 512
782 1714
785 1024
787 1024
791 7323
792 8704
797 2560
799 186
816 512
817 93
820 1024
821 3351
828 605
856 1924
870 1443
871 2
873 962
890 1924
892 4608
fn=check_match
70 7800
73 4160
78 78
86 2510
89 3278
93 502
94 1004
96 732
115 732
116 2928
117 1725
118 42
119 42
144 272
146 816
147 544
161 481
162 4160
fn=do_lookup_x
347 7168
348 512
353 512
354 512
358 6268
361 6268
365 7292
386 6268
390 6268
396 9402
400 3134
401 3134
404 15670
405 9402
408 3134
409 6268
411 3134
412 1536
413 6268
415 3584
416 12536
419 21938
422 1242
423 1863
424 1242
426 1208
429 6400
431 1560
432 13924
433 1040
436 1560
439 2475
461 3848
470 984
476 962
483 3476
487 279
499 962
500 481
501 481
518 7959
521 31
522 4096
fl=./elf/./elf/dl-minimal-malloc.c
fn=__minimal_calloc
80 120
84 24
87 24
88 72
fn=__minimal_free
97 1
99 4
fn=__minimal_malloc
36 512
37 192
42 3
43 2
44 2
48 255
51 432
56 16
57 16
59 4
60 32
62 8
64 16
65 12
67 11
70 65
71 69
73 384
fl=./elf/./elf/dl-minimal.c
fn=__rtld_malloc_init_real
76 10
86 2
87 1
89 1
91 6
92 5
93 5
94 4
99 1
100 1
101 1
102 1
103 8
fn=__rtld_malloc_init_stubs
42 1
43 2
44 2
45 2
46 2
47 1
fn=lookup_malloc_symbol
61 36
63 4
64 28
68 28
69 28
71 4
72 24
fn=strsep
239 2
242 4
244 2
245 4
247 2
249 47
251 28
254 56
256 84
264 14
267 1
271 4
fl=./elf/./elf/dl-misc.c
fn=_dl_name_match_p
68 1596
69 912
70 25
72 228
74 912
75 1265
80 228
82 203
83 912
fn=_dl_sysdep_read_whole_file
36 11
39 3
40 2
42 6
44 2
47 2
49 8
60 3
63 8
fl=./elf/./elf/dl-object.c
fn=_dl_add_to_namespace_list
31 99
33 33
35 98
38 260
40 10
42 10
45 2
46 33
47 22
48 22
50 22
51 55
fn=_dl_new_object
59 165
62 22
64 2
66 3
67 2
71 6
77 2
80 20
83 51
87 20
92 10
95 22
98 11
99 11
100 22
103 22
104 77
106 11
119 53
123 10
125 1
127 77
130 22
131 22
132 11
136 11
139 50
141 20
149 22
150 11
153 1
155 66
157 40
160 24
164 88
168 70
176 1
179 22
189 44
191 40
195 30
199 20
200 20
208 10
212 10
245 40
250 292
251 292
255 20
256 10
259 10
263 99
fl=./elf/./elf/dl-reloc.c
fn=_dl_relocate_object
170 2140
171 904
174 4624
175 456
177 38
178 152
182 828
183 414
184 414
186 3318
187 2040
188 816
190 3065
193 414
194 2898
196 38
207 143
208 26
220 24
221 36
224 48
226 36
228 12
229 36
251 60
252 24
253 5
255 24
262 36
301 10613
304 60
328 12
331 24
348 36
350 104
356 72
359 24
363 24
364 72
fl=./elf/./elf/dl-runtime.c
fn=_dl_fixup
46 1034
48 470
49 282
54 94
55 376
56 658
58 188
63 188
67 188
69 122
71 282
75 282
76 376
77 282
84 94
85 282
87 92
88 92
95 1034
99 470
100 368
109 940
124 376
125 28
133 282
159 282
163 752
fl=./elf/./elf/dl-setup_hash.c
fn=_dl_setup_hash
25 24
28 36
31 36
32 24
33 12
34 12
36 36
37 12
38 36
40 12
41 24
43 12
45 36
50 12
fl=./elf/./elf/dl-sort-maps.c
fn=_dl_sort_maps
140 108
181 2
182 4
183 82
184 48
211 34
216 4
218 2
219 10
221 74
223 24
226 68
244 8
263 8
276 8
283 2
298 26
306 6
310 18
fn=_dl_sort_maps_init
289 4
290 4
291 1
292 3
293 2
fn=dfs_traversal.part.0
135 216
140 128
143 24
145 72
147 344
156 86
171 72
172 24
173 156
fl=./elf/./elf/dl-tunables.c
fn=__GI___tunable_set_val
72 50
82 5
93 40
94 25
97 10
100 35
104 10
111 10
112 10
115 25
116 5
117 5
118 5
153 30
157 15
fn=__GI___tunables_init
42 270
45 53
48 5180
52 106
56 212
128 1
261 10
267 4
281 8692
283 2
287 15741
304 8
fn=__tunable_get_val
387 90
390 534
399 57
400 15
409 36
416 270
418 45
fl=./elf/./elf/dl-tunables.h
fn=__GI___tunable_set_val
141 10
142 10
151 5
fn=__GI___tunables_init
160 1096
161 2535
fl=./elf/./elf/dl-version.c
fn=_dl_check_all_versions
392 7
394 1
396 41
397 12
398 108
401 7
fn=_dl_check_map_versions
36 280
37 84
38 504
56 240
64 180
70 180
86 60
87 120
89 60
94 1948
108 1648
110 60
113 480
120 2292
124 764
155 120
156 12
164 22
170 36
172 60
174 12
175 12
177 24
180 30
184 80
198 4
200 42
208 42
213 42
215 46
217 240
218 395
221 120
224 180
225 5
228 30
231 240
234 180
239 46
243 42
248 4
257 55
260 10
263 347
266 259
270 78
274 33
279 11
280 44
281 33
291 11
294 57
296 22
299 40
301 4
303 42
306 180
308 240
310 300
311 120
312 180
313 180
316 180
321 46
324 42
329 4
334 22
337 10
341 78
343 166
347 78
348 390
349 234
350 78
353 249
357 78
365 10
366 20
367 20
368 4
370 4
372 124
373 60
375 2
376 7
387 108
fl=./elf/./elf/do-rel.h
fn=_dl_relocate_object
49 72
50 72
51 12
53 120
72 16
73 17
80 72
83 835
85 1060
96 30
97 10
114 57
123 3389
124 2228
126 57
129 68
131 2211
133 2645
134 2116
135 1587
136 2116
138 1587
141 272
142 68
143 68
147 461
150 1400
151 690
164 44
165 285
166 252
169 204
171 272
172 68
173 136
180 31
182 42
183 12
185 18
193 6
196 18
211 7
fn=_dl_start
49 6
50 4
51 1
53 10
56 4
61 13
63 9
64 6
65 3
fl=./elf/./elf/get-dynamic-info.h
fn=_dl_map_object_from_fd
39 20
43 10
45 1086
49 528
51 128
52 64
53 6
54 242
55 202
56 50
59 40
62 40
64 40
68 264
72 40
84 32
85 40
86 40
87 40
88 32
89 39
90 39
91 40
103 80
110 31
115 18
122 18
123 30
129 30
130 6
147 30
152 8
154 8
156 8
158 8
159 8
162 30
164 15
165 10
174 10
175 15
180 10
181 12
184 20
fl=./elf/./elf/libc_early_init.c
fn=__libc_early_init
33 9
35 1
38 2
41 2
47 4
49 2
fl=./elf/./elf/rtld.c
fn=_dl_start
85 8
458 2
476 3
477 1
478 2
488 1
494 4
496 2
517 16
543 1
546 2
547 4
563 190
565 1
578 1
585 9
fn=dl_main
85 17
92 12
93 2
101 9
197 2
199 1
224 3
225 5
226 4
296 3
302 1
303 1
837 1
839 1
848 1
850 1
855 1
1115 1
1116 1
1118 1
1122 3
1124 1
1125 1
1140 1
1143 46
1144 117
1148 3
1153 3
1154 9
1163 2
1164 2
1166 1
1173 3
1191 2
1199 8
1200 17
1201 8
1202 1
1204 12
1205 14
1209 8
1210 8
1211 4
1215 12
1243 2
1247 3
1253 28
1254 61
1260 17
1266 4
1269 3
1271 3
1346 13
1351 1
1352 1
1357 1
1373 3
1374 4
1637 10
1639 2
1640 3
1641 2
1642 3
1646 2
1647 2
1672 3
1673 5
1674 3
1675 3
1678 1
1680 1
1681 1
1683 2
1684 2
1688 2
1690 2
1698 4
1705 2
1708 2
1733 4
1735 1
1740 2
1743 4
1744 4
1745 3
1746 1
1747 1
1748 1
1759 2
1760 2
1762 2
1764 1
1765 3
1770 5
1771 5
1773 3
1779 2
1788 2
1792 1
1793 2
1817 2
1823 1
1824 1
1825 1
1829 3
1834 3
1836 1
1838 2
1842 5
1847 2
1863 6
1939 4
1943 19
1944 1
1947 3
1948 1
1949 2
1950 2
1955 3
1965 9
1971 51
1972 28
1975 3
1976 2
1977 1
1979 30
1980 14
1984 2
1990 1
1992 3
1993 2
1995 2
1997 4
1999 3
2000 1
2001 2
2013 2
2014 2
2015 3
2017 2
2018 2
2026 5
2027 4
2028 5
2038 2
2039 2
2040 4
2042 2
2047 3
2246 3
2250 3
2256 2
2259 2
2267 2
2279 3
2282 3
2284 3
2285 6
2292 2
2293 45
2295 24
2300 24
2302 26
2304 1
2305 1
2308 12
2310 24
2311 88
2315 26
2316 3
2325 2
2329 4
2331 1
2338 4
2341 2
2345 3
2347 2
2357 1
2362 3
2365 1
2371 1
2372 5
2380 3
2387 1
2390 3
2394 3
2395 1
2396 1
2397 1
2401 1
2406 8
2538 1
2598 1
2600 2
2602 15
2604 2
2606 107
2607 19
2615 13
2640 2
2650 4
2652 2
2653 1
2687 5
2689 2
2690 2
2691 1
2727 5
2749 3
fn=handle_preload_list
183 3
806 1
810 2
811 2
812 1
814 1
816 6
817 3
825 3
869 13
870 3
874 5
877 4
878 3
880 4
881 2
887 1
889 2
891 2
892 1
895 9
fn=init_tls
734 4
736 2
740 3
746 2
749 1
750 1
751 1
755 1
757 1
761 2
762 2
763 28
764 12
765 24
769 3
771 1
773 3
776 2
779 1
786 2
787 2
793 2
797 1
800 5
fn=map_doit
641 6
643 4
644 6
646 3
fn=version_check_doit
674 6
676 6
680 3
fl=./elf/./get-dynamic-info.h
fn=_dl_start
45 75
49 36
51 10
52 5
54 20
55 16
56 5
59 4
62 4
64 4
68 18
72 3
84 4
85 3
86 4
87 4
88 5
89 3
90 4
91 4
103 10
110 3
123 3
129 3
130 3
133 2
134 3
139 5
142 5
fn=dl_main
39 4
43 1
45 119
49 58
51 12
52 6
54 25
55 21
56 5
59 4
62 4
64 4
68 29
72 7
84 3
85 5
86 5
87 5
88 4
89 5
90 5
91 5
103 9
110 3
115 2
122 3
123 4
129 3
147 4
152 2
154 2
156 2
158 2
159 2
162 4
164 3
165 2
174 2
175 3
180 2
181 3
184 3
fl=./elf/./setup-vdso.h
fn=dl_main
24 2
fl=./io/../sysdeps/unix/sysv/linux/access.c
fn=access
25 2
27 11
31 2
fl=./io/../sysdeps/unix/sysv/linux/close.c
fn=close
26 10
27 26
28 4
fl=./io/../sysdeps/unix/sysv/linux/close_nocancel.c
fn=__GI___close_nocancel
25 11
26 44
27 11
fn=__close_nocancel
25 2
26 8
27 2
fl=./io/../sysdeps/unix/sysv/linux/fcntl64.c
fn=fcntl
38 24
42 15
48 12
51 3
52 15
fl=./io/../sysdeps/unix/sysv/linux/fcntl_nocancel.c
fn=__fcntl64_nocancel_adjusted
51 21
52 6
63 12
64 15
fl=./io/../sysdeps/unix/sysv/linux/fstat64.c
fn=fstat
30 12
39 48
72 12
fl=./io/../sysdeps/unix/sysv/linux/fstatat64.c
fn=fstatat
91 6
146 6
160 4
161 11
162 1
fl=./io/../sysdeps/unix/sysv/linux/open64.c
fn=open
30 24
33 14
41 27
43 16
fl=./io/../sysdeps/unix/sysv/linux/open64_nocancel.c
fn=__open_nocancel
28 96
31 161
39 194
41 49
fl=./io/../sysdeps/unix/sysv/linux/poll.c
fn=poll
27 483
29 1035
43 138
fl=./io/../sysdeps/unix/sysv/linux/pread64_nocancel.c
fn=__pread64_nocancel
25 4
26 8
27 2
fl=./io/../sysdeps/unix/sysv/linux/read.c
fn=read
25 19
26 60
27 9
fl=./io/../sysdeps/unix/sysv/linux/read_nocancel.c
fn=__read_nocancel
25 11
26 44
27 11
fl=./io/../sysdeps/unix/sysv/linux/stat64.c
fn=stat
28 6
29 12
fl=./libio/../include/printf_buffer.h
fn=__vsnprintf_internal
124 102
127 34
128 34
137 68
fl=./libio/../string/bits/string_fortified.h
fn=_IO_file_xsgetn
29 48
fl=./libio/./libio/filedoalloc.c
fn=_IO_file_doallocate
78 11
84 9
86 4
97 4
101 3
102 2
104 4
105 1
106 9
fl=./libio/./libio/fileops.c
fn=_IO_file_close
1165 1
1168 2
fn=_IO_file_close_it@@GLIBC_2.2.5
128 7
130 3
133 2
134 3
137 1
139 2
142 7
145 3
153 5
154 4
157 2
158 1
159 1
160 1
162 2
163 7
fn=_IO_file_finish@@GLIBC_2.2.5
168 6
169 2
175 3
176 3
fn=_IO_file_fopen@@GLIBC_2.2.5
213 12
214 1
222 2
224 6
227 1
228 2
247 26
273 1
281 5
284 2
287 4
288 2
357 12
fn=_IO_file_open
182 12
184 2
185 1
188 2
189 2
191 1
192 6
195 3
205 2
206 1
207 6
fn=_IO_file_read
1131 2
1133 2
1134 6
fn=_IO_file_stat
1147 1
1148 2
fn=_IO_file_underflow@@GLIBC_2.2.5
462 20
466 6
467 2
469 4
475 6
478 4
490 4
506 4
512 12
517 10
519 4
522 7
526 1
532 1
535 3
537 2
538 16
fn=_IO_file_xsgetn
1273 204
1280 34
1283 3
1288 3
1291 117
1293 54
1294 36
1297 16
1302 4
1310 4
1319 6
1320 8
1322 8
1360 2
1361 136
fn=_IO_new_file_init_internal
106 6
110 1
111 1
113 1
114 1
115 3
fl=./libio/./libio/genops.c
fn=_IO_cleanup
776 6
777 17
780 12
784 3
785 54
792 9
794 6
814 3
816 33
817 3
821 9
822 2
842 12
843 2
855 12
fn=_IO_default_finish
54 2
601 6
603 3
609 3
612 3
624 3
fn=_IO_doallocbuf
343 8
344 2
346 3
347 5
350 6
fn=_IO_enable_locks
518 1
521 3
523 1
524 9
525 3
526 1
1044 1
1058 3
fn=_IO_flush_all
686 12
687 1
691 6
692 14
695 12
697 3
698 51
700 21
708 36
709 3
713 9
714 2
718 12
fn=_IO_link_in
87 14
88 10
90 2
92 7
93 14
94 1
95 18
97 2
98 1
100 13
101 1
102 11
103 2
106 19
fn=_IO_no_init
563 11
564 1
565 1
566 2
568 1
572 6
579 1
581 1
587 1
588 6
fn=_IO_old_init
531 1
532 2
534 6
539 7
544 1
550 2
555 3
556 2
558 1
fn=_IO_setb
329 22
330 10
331 1
332 2
333 2
335 14
338 12
fn=_IO_sgetn
409 85
411 51
412 34
fn=_IO_switch_to_get_mode
164 12
165 6
168 6
172 4
173 4
176 2
178 4
180 4
181 2
182 8
fn=_IO_un_link
53 2
54 4
82 2
fn=_IO_unsave_markers
937 6
939 2
944 3
946 3
fn=__GI__IO_un_link.part.0
52 10
58 6
59 14
60 1
61 20
63 3
65 2
66 3
74 3
76 15
77 1
78 11
79 2
82 9
fn=__underflow
173 2
269 12
270 9
275 6
278 6
280 4
286 4
291 6
293 8
294 6
fl=./libio/./libio/iofclose.c
fn=fclose@@GLIBC_2.2.5
34 8
48 3
49 1
51 18
52 3
53 3
57 4
58 3
71 2
76 7
fl=./libio/./libio/iofopen.c
fn=fopen@@GLIBC_2.2.5
37 2
65 2
67 3
70 2
72 7
73 2
74 2
75 7
85 9
87 7
fl=./libio/./libio/iofread.c
fn=fread
31 153
32 34
35 102
37 323
38 68
40 69
41 153
fl=./libio/./libio/libioP.h
fn=_IO_cleanup
1025 1
fn=_IO_doallocbuf
1025 3
1026 2
fn=_IO_file_close_it@@GLIBC_2.2.5
1025 3
1026 2
fn=_IO_file_doallocate
1025 3
1026 2
fn=_IO_file_underflow@@GLIBC_2.2.5
1025 8
1026 4
fn=_IO_file_xsgetn
1025 17
fn=_IO_flush_all
1025 2
fn=_IO_sgetn
1025 51
1026 34
fn=__underflow
1025 6
1026 4
fn=fclose@@GLIBC_2.2.5
951 4
952 4
958 2
979 4
980 10
1025 3
1026 2
fn=fread
979 34
980 170
fl=./libio/./libio/vsnprintf.c
fn=__vsnprintf_internal
63 68
66 34
75 102
76 34
87 68
93 442
96 102
98 204
fl=./libio/./libio/vtables.c
fn=check_stdfiles_vtables
545 1
546 4
547 3
548 3
550 1
fl=./malloc/../string/bits/string_fortified.h
fn=_int_realloc
29 2
fn=calloc
59 183
fn=tcache_init.part.0
59 88
fl=./malloc/../sysdeps/unix/sysv/linux/not-cancel.h
fn=ptmalloc_init.part.0
97 6
fl=./malloc/./malloc/arena.c
fn=__malloc_arena_thread_freeres
893 288
899 64
900 32
902 64
915 256
fn=calloc
153 168
fn=free
153 21747
fn=malloc
153 12299
264 1
fn=ptmalloc_init.part.0
262 8
267 1
292 2
296 3
300 4
301 4
302 4
303 4
304 4
305 4
306 4
308 4
309 4
310 4
313 4
314 4
316 2
326 8
fn=realloc
153 6
fl=./malloc/./malloc/malloc.c
fn=__malloc_arena_thread_freeres
3213 64
3215 64
3217 64
fn=_int_free
1792 6151
1992 18303
3163 2198
3165 4396
3166 1099
3167 2198
4495 50750
4499 21750
4505 29000
4506 14500
4510 36250
4517 14500
4518 43500
4521 7235
4527 21705
4547 36175
4550 1099
4561 12302
4572 24404
4574 18303
4593 6101
4595 6101
4596 6101
4597 642
4600 18303
4602 12202
4606 11774
4608 17661
4609 5887
4616 428
4619 856
4621 856
4622 428
4628 24404
4637 100
4640 100
4643 100
4644 196
4646 100
4649 196
4658 43499
fn=_int_free_maybe_consolidate
4770 550
4776 100
4778 12
4779 6
4781 9
4784 15
4785 10
4798 542
fn=_int_free_merge_chunk
1992 150
4665 400
4666 50
4670 300
4673 200
4675 150
4678 150
4681 100
4682 100
4683 100
4689 100
4691 24
4692 24
4693 24
4694 96
4696 48
4701 150
4702 350
4714 100
4720 94
4721 20
4722 20
4724 37
4732 47
4733 188
4734 94
4736 47
4738 94
4740 66
4743 47
4744 47
4746 141
4747 47
4756 3
4757 9
4758 6
fn=_int_malloc
1326 12350
1345 37050
1794 4088
1985 231
2008 16
2017 2
2552 18
2553 3
2564 6
2589 12
2590 6
2599 28
2605 6
2608 9
2669 9
2677 6
2678 9
2691 9
2693 3
2699 15
2707 6
2709 12
2710 9
2711 3
2712 3
2715 6
2744 17
2745 1
2746 6
2752 24
2753 12
2755 4
2782 2
2783 1
2795 3
2814 2
2817 2
2818 6
2820 1
2821 6
2833 5
2873 1
2875 1
2876 5
2877 1
2888 3
2921 9
2922 3
2926 3
2930 15
2932 3
2933 3
2934 3
2935 21
2936 6
2938 3
3159 4
3163 144
3165 218
3166 80
3167 160
3168 4
3178 6
3182 12
3186 24
3190 12
3191 12
3199 6
3846 67925
3882 1
3887 12350
3914 18611
3916 15972
3917 10
3919 8167
3921 12160
3923 20
3926 20
3927 40
3929 36
3930 18210
3932 20
3933 20
3939 20
3940 60
3945 94
3946 346
3948 128
3950 136
3951 336
3954 136
3977 190
3979 8466
3980 12300
3982 18450
3984 14
3985 28
3987 14
3988 14
3989 14
3991 42
3997 28
3998 84
4003 76
4004 32
4006 4
4008 2
4009 2
4010 4
4012 2
4013 2
4020 14
4039 165
4040 45
4041 3
4058 18451
4059 18453
4060 18453
4069 362
4070 31105
4072 223
4073 446
4074 223
4076 446
4077 669
4079 223
4080 892
4082 892
4084 446
4085 446
4087 446
4098 892
4099 338
4100 322
4101 161
4104 133
4105 133
4106 133
4107 399
4108 399
4109 266
4111 182
4115 1064
4117 399
4118 133
4121 139
4122 399
4123 133
4127 90
4128 90
4132 180
4134 12
4135 18
4140 12
4141 36
4161 174
4163 98
4164 196
4165 49
4169 491
4170 92
4171 35
4174 70
4177 13
4179 52
4180 26
4192 39
4193 28
4195 1
4196 3
4199 13
4202 10
4205 32
4206 8
4207 16
4209 8
4210 24
4212 13
4213 26
4218 88
4221 588
4222 84
4223 84
4224 84
4225 84
4230 168
4231 168
4240 336
4246 84
4248 6
4257 18036
4259 60
4262 45
4263 6016
4266 2
4267 12
4273 4
4278 6
4279 6
4282 8
4291 2
4295 8
4296 4
4299 2
4300 2
4301 2
4302 4
4307 16
4309 6
4310 2
4313 2
4330 6010
4331 12020
4332 12020
4333 12020
4334 36060
4339 24170
4343 65617
4346 71564
4348 92
4349 46
4353 920
4355 367
4357 734
4361 93
4364 186
4366 200
4367 40
4368 40
4373 212
4376 106
4378 159
4381 159
4384 212
4386 8
4387 24
4394 45
4399 180
4400 90
4403 45
4404 45
4405 45
4408 90
4409 38
4410 90
4412 36
4415 360
4417 135
4418 45
4421 53
4443 5957
4444 11914
4446 11914
4449 17871
4451 5954
4452 11908
4453 5954
4454 47632
4456 11908
4459 11912
4460 17877
4461 5959
4466 12
4482 3
4487 74100
fn=_int_realloc
4914 8
4925 4
4926 5
4927 4
4933 2
4935 2
4936 3
4938 4
4941 2
4951 2
4963 2
4964 2
4965 1
4975 5
4976 2
4979 1
4980 1
4985 3
4992 1
4993 7
4997 4
4999 1
5030 9
fn=alloc_perturb
1985 18276
1987 6092
fn=calloc
3699 756
3709 756
3717 168
3720 252
3722 168
3725 672
3732 84
3733 168
3740 252
3754 252
3756 840
3759 168
3769 336
3784 168
3787 336
3796 252
3799 420
3807 84
3809 168
3811 168
3816 46
3818 23
3819 46
3821 13
3823 26
3825 11
3827 22
3829 12
3837 611
fn=free
3359 51279
3363 15570
3371 14498
3373 7249
3375 21747
3392 21747
3398 21747
3401 7249
3402 44030
fn=malloc
1326 14338
1345 33633
3178 2160
3182 2160
3186 4320
3190 2160
3191 1080
3248 4
3294 57352
3301 14338
3311 9914
3313 28676
3316 14338
3317 4
3318 21486
3326 12178
3328 23872
3329 29840
3334 968
3336 363
3339 242
3347 484
3351 605
3354 43014
fn=malloc_consolidate
4811 36
4826 4
4828 8
4839 4
4841 80
4842 80
4845 11898
4849 17847
4850 23796
4855 29745
4858 11898
4859 5949
4860 17847
4862 11898
4863 526
4864 526
4865 526
4866 2104
4868 6312
4871 11898
4874 11896
4875 5346
4876 42768
4878 1204
4880 5948
4881 11896
4882 11896
4884 11896
4885 582
4889 17844
4891 5948
4892 16640
4896 1
4897 2
4898 2
4901 17836
4904 120
4905 32
fn=ptmalloc_init.part.0
1946 385
1949 381
1957 1
1958 1
1960 1
3143 2
fn=realloc
1326 2
1345 6
3407 22
3413 4
3417 4
3424 4
3425 2
3433 1
3441 2
3443 1
3444 2
3456 3
3464 4
3465 2
3475 2
3506 2
3515 4
3517 7
3519 5
3520 7
3538 16
5238 3
5239 3
5240 2
5241 1
fn=systrim.constprop.0
2957 12
2966 6
2968 2
2969 4
2974 6
2975 2
2978 10
2980 4
2987 6
2988 8
3000 6
3001 4
3003 2
3005 4
3009 4
3012 2
3013 8
3015 4
3020 12
fn=tcache_init.part.0
3242 4
3251 8
3252 3
3253 2
3261 4
3270 2
3274 3
fn=unlink_chunk.isra.0
1608 11922
1610 29805
1613 11922
1614 11922
1616 23844
1619 5961
1620 5961
1621 12837
1623 48
1624 72
1627 48
1641 24
1642 24
1645 11922
fl=./malloc/./malloc/morecore.c
fn=__glibc_morecore
25 30
26 20
29 10
30 20
34 20
fl=./malloc/./malloc/scratch_buffer_set_array_size.c
fn=__libc_scratch_buffer_set_array_size
30 130
34 10
35 20
45 20
46 10
63 60
fl=./malloc/./malloc/thread-freeres.c
fn=__libc_thread_freeres
31 96
33 32
35 32
36 32
37 32
41 32
42 32
fl=./math/../sysdeps/ieee754/dbl-64/e_atan2.c
fn=__ieee754_atan2_fma
53 30
60 275
73 100
79 75
81 100
88 50
90 30
92 30
93 15
98 20
110 40
119 20
142 20
144 20
167 20
172 20
180 40
181 30
182 10
183 20
187 40
209 50
211 10
216 40
223 20
225 10
226 30
227 40
236 30
239 20
241 30
257 50
258 10
259 50
260 80
261 30
262 10
263 10
264 30
265 10
266 10
267 20
268 10
270 10
363 125
fl=./math/../sysdeps/ieee754/dbl-64/s_sin.c
fn=__sincos_fma
104 20
108 5
111 5
112 15
113 15
115 15
116 5
128 15
133 20
135 10
136 10
139 5
140 35
141 40
142 70
143 20
144 25
fl=./math/../sysdeps/ieee754/dbl-64/s_sincos.c
fn=__sincos_fma
37 195
44 45
46 30
50 30
53 70
54 10
55 20
59 10
61 5
62 5
63 5
107 150
fl=./math/../sysdeps/ieee754/dbl-64/s_tan.c
fn=__tan_fma
50 45
68 10
69 20
77 20
80 15
88 15
105 15
107 15
108 25
109 5
110 25
111 20
112 5
113 5
114 20
115 5
116 5
118 5
371 40
fl=./math/../sysdeps/x86/fpu/fenv_private.h
fn=__ieee754_atan2_fma
415 10
416 40
419 20
425 10
431 20
fn=__sincos_fma
415 15
416 60
419 60
431 30
fn=__tan_fma
415 5
416 20
419 20
431 10
fl=./math/../sysdeps/x86_64/fpu/multiarch/e_asin.c
fn=__acos_finite@GLIBC_2.15
35 1
fn=__asin_finite@GLIBC_2.15
27 2
fl=./math/../sysdeps/x86_64/fpu/multiarch/e_atan2.c
fn=__atan2_finite@GLIBC_2.15
26 2
fl=./math/../sysdeps/x86_64/fpu/multiarch/e_exp.c
fn=__exp_finite@GLIBC_2.15
27 2
fl=./math/../sysdeps/x86_64/fpu/multiarch/e_exp2f.c
fn=exp2f@@GLIBC_2.27
27 2
fl=./math/../sysdeps/x86_64/fpu/multiarch/e_expf.c
fn=expf@@GLIBC_2.27
27 2
fl=./math/../sysdeps/x86_64/fpu/multiarch/e_log.c
fn=__log_finite@GLIBC_2.15
27 2
fl=./math/../sysdeps/x86_64/fpu/multiarch/e_log2.c
fn=log2@@GLIBC_2.29
27 2
fl=./math/../sysdeps/x86_64/fpu/multiarch/e_log2f.c
fn=log2f@@GLIBC_2.27
27 2
fl=./math/../sysdeps/x86_64/fpu/multiarch/e_logf.c
fn=logf@@GLIBC_2.27
27 2
fl=./math/../sysdeps/x86_64/fpu/multiarch/e_pow.c
fn=__pow_finite@GLIBC_2.15
27 2
fl=./math/../sysdeps/x86_64/fpu/multiarch/e_powf.c
fn=powf@@GLIBC_2.27
30 1
fl=./math/../sysdeps/x86_64/fpu/multiarch/ifunc-avx-fma4.h
fn=__atan2_finite@GLIBC_2.15
32 5
33 2
fn=__exp_finite@GLIBC_2.15
32 5
33 2
fn=__log_finite@GLIBC_2.15
32 5
33 2
fn=cos
32 5
33 2
fn=sin
32 5
33 2
fn=tan
32 5
33 2
fl=./math/../sysdeps/x86_64/fpu/multiarch/ifunc-fma.h
fn=__log1p
29 4
30 3
fn=cosf
29 4
30 3
fn=exp2f@@GLIBC_2.27
29 4
30 3
fn=expf@@GLIBC_2.27
29 4
30 3
fn=expm1
29 4
30 3
fn=log2@@GLIBC_2.29
29 4
30 3
fn=log2f@@GLIBC_2.27
29 4
30 3
fn=logf@@GLIBC_2.27
29 4
30 3
fn=powf@@GLIBC_2.27
29 4
30 4
fn=sincosf
29 4
30 3
fn=sinf
29 4
30 3
fl=./math/../sysdeps/x86_64/fpu/multiarch/ifunc-fma4.h
fn=__acos_finite@GLIBC_2.15
31 4
32 2
35 1
fn=__asin_finite@GLIBC_2.15
31 4
32 2
fn=__pow_finite@GLIBC_2.15
31 4
32 2
fn=sincos
31 8
32 4
fl=./math/../sysdeps/x86_64/fpu/multiarch/s_cosf.c
fn=cosf
26 2
fl=./math/../sysdeps/x86_64/fpu/multiarch/s_expm1.c
fn=expm1
26 2
fl=./math/../sysdeps/x86_64/fpu/multiarch/s_fma.c
fn=fma
49 6
fl=./math/../sysdeps/x86_64/fpu/multiarch/s_log1p.c
fn=__log1p
26 2
fl=./math/../sysdeps/x86_64/fpu/multiarch/s_sin.c
fn=cos
34 2
fn=sin
27 2
fl=./math/../sysdeps/x86_64/fpu/multiarch/s_sincos.c
fn=sincos
26 4
fl=./math/../sysdeps/x86_64/fpu/multiarch/s_sincosf.c
fn=sincosf
26 2
fl=./math/../sysdeps/x86_64/fpu/multiarch/s_sinf.c
fn=sinf
26 2
fl=./math/../sysdeps/x86_64/fpu/multiarch/s_tan.c
fn=tan
26 2
fl=./math/../sysdeps/x86_64/fpu/s_fmax.S
fn=fmax
23 23056701
24 23056701
25 23056701
26 23056701
27 23056701
50 23056701
fl=./math/../sysdeps/x86_64/fpu/s_fmin.S
fn=fmin
23 3077691
24 3077691
25 3077691
26 3077691
27 3077691
50 3077691
fl=./math/./math/w_atan2_compat.c
fn=atan2
32 125
35 175
38 100
39 295
42 50
fl=./misc/../sysdeps/posix/gethostname.c
fn=gethostname
28 26
32 8
35 10
36 26
38 4
44 22
fl=./misc/../sysdeps/unix/syscall-template.S
fn=madvise
117 160
122 32
fn=mprotect
117 220
122 44
fn=munmap
117 145
122 29
fl=./misc/../sysdeps/unix/sysv/linux/brk.c
fn=brk
36 6
37 12
38 12
44 6
45 6
fl=./misc/../sysdeps/unix/sysv/linux/brk_call.h
fn=brk
24 12
fl=./misc/../sysdeps/unix/sysv/linux/clone-internal.c
fn=__clone_internal
53 64
62 64
64 256
80 96
82 4
83 4
86 1
97 384
99 64
106 32
109 64
110 256
fl=./misc/../sysdeps/unix/sysv/linux/getpagesize.c
fn=getpagesize
27 64
28 256
30 64
fl=./misc/../sysdeps/unix/sysv/linux/getsysstats.c
fn=get_nprocs
215 3
216 2
217 2
222 2
fn=read_sysfs_file
72 6
73 2
76 1
78 4
79 2
102 1
103 2
105 2
139 12
148 3
150 3
151 2
158 5
159 3
166 2
168 1
169 4
170 3
177 3
178 3
180 1
181 5
184 2
190 12
fl=./misc/../sysdeps/unix/sysv/linux/mmap64.c
fn=mmap
47 553
50 158
53 413
58 474
60 316
fl=./misc/../sysdeps/unix/sysv/linux/not-cancel.h
fn=read_sysfs_file
75 2
76 1
fl=./misc/../sysdeps/unix/sysv/linux/setvmaname.c
fn=__set_vma_name
33 461
35 335
40 14
47 2
48 1
49 585
fl=./misc/../sysdeps/unix/sysv/linux/writev.c
fn=writev
25 252
26 540
27 72
fl=./misc/../sysdeps/unix/sysv/linux/x86_64/clone.S
fn=clone
52 32
54 32
55 32
56 32
59 32
60 32
63 32
65 32
69 32
72 32
73 32
74 32
75 32
76 32
81 32
83 64
84 64
85 64
87 32
95 32
98 32
99 32
100 32
fl=./misc/../sysdeps/unix/sysv/linux/x86_64/clone3.S
fn=clone3
42 1
44 1
45 1
46 1
47 1
48 1
52 1
55 1
60 1
62 1
63 1
86 5
fl=./misc/./misc/init-misc.c
fn=__init_misc
30 5
31 6
33 3
37 5
38 3
40 4
fl=./misc/./misc/sbrk.c
fn=sbrk
37 80
40 20
43 20
58 20
59 4
62 20
63 2
66 20
68 4
74 15
78 70
fl=./nptl/../include/atomic_wide_counter.h
fn=pthread_cond_broadcast@@GLIBC_2.3.2
30 12
57 24
fn=pthread_cond_signal@@GLIBC_2.3.2
30 10
57 20
fn=pthread_cond_wait@@GLIBC_2.3.2
30 589
50 591
fl=./nptl/../include/list.h
fn=__nptl_deallocate_stack
43 64
44 64
45 32
47 32
55 96
56 32
fn=__nptl_free_stacks
55 84
56 28
fn=__nptl_stack_list_add
43 160
45 32
47 32
fl=./nptl/../nptl/descr.h
fn=__pthread_enable_asynccancel
439 844
fl=./nptl/../nptl/pthread_mutex_lock.c
fn=__pthread_mutex_cond_lock
77 985
80 591
82 197
84 394
88 394
90 591
93 1226
94 591
105 197
179 197
182 197
187 197
190 591
fl=./nptl/../string/bits/string_fortified.h
fn=pthread_cond_init@@GLIBC_2.3.2
59 36
fn=pthread_mutex_init@@GLIBC_2.2.5
59 45
fl=./nptl/../sysdeps/nptl/futex-internal.h
fn=__futex_abstimed_wait_cancelable64
87 394
fn=__lll_lock_wait
87 73
146 584
147 146
fn=pthread_cond_broadcast@@GLIBC_2.3.2
146 18
209 54
213 18
fn=pthread_cond_destroy@@GLIBC_2.3.2
146 224
fn=pthread_cond_signal@@GLIBC_2.3.2
146 15
209 40
213 15
fn=start_thread
146 32
fl=./nptl/../sysdeps/unix/sysv/linux/internal-signals.h
fn=pthread_create@@GLIBC_2.34
81 224
89 192
fn=start_thread
89 160
fl=./nptl/../sysdeps/unix/sysv/linux/internal-sigset.h
fn=pthread_create@@GLIBC_2.34
34 32
102 32
103 32
fn=start_thread
102 96
fl=./nptl/../sysdeps/unix/sysv/linux/rseq-internal.h
fn=start_thread
32 64
40 32
fl=./nptl/../sysdeps/unix/sysv/linux/sigsetops.h
fn=pthread_create@@GLIBC_2.34
54 1
104 2
fl=./nptl/../sysdeps/unix/sysv/linux/x86/elision-conf.c
fn=__lll_elision_init
92 8
96 5
98 4
100 4
102 4
104 4
107 3
108 1
109 6
fl=./nptl/../sysdeps/x86/nptl/tls-setup.h
fn=pthread_create@@GLIBC_2.34
22 64
fl=./nptl/./nptl-stack.h
fn=pthread_create@@GLIBC_2.34
61 320
fl=./nptl/./nptl/allocatestack.c
fn=name_stack_maps
587 384
589 320
593 128
595 128
596 224
599 32
600 64
601 96
603 320
605 448
fn=pthread_create@@GLIBC_2.34
66 128
74 128
99 128
166 96
170 224
219 128
223 96
228 96
238 64
328 64
329 192
333 96
343 192
347 192
351 64
352 96
353 32
366 448
369 128
374 128
380 64
385 64
386 32
395 64
407 64
408 64
411 64
416 64
419 32
426 32
429 192
442 128
445 224
447 192
454 160
477 96
506 160
532 32
537 32
542 32
545 32
547 128
558 128
563 64
fn=start_thread
189 64
191 160
192 64
193 64
194 160
fl=./nptl/./nptl/cancellation.c
fn=__pthread_disable_asynccancel
63 422
66 1266
71 1266
74 844
76 1266
83 1266
fn=__pthread_enable_asynccancel
31 422
32 422
33 844
37 844
39 844
42 1688
45 844
56 844
fl=./nptl/./nptl/cleanup_compat.c
fn=_pthread_cleanup_pop@@GLIBC_2.34
40 227
43 454
47 454
49 227
fn=_pthread_cleanup_push@@GLIBC_2.34
25 227
28 227
29 227
30 454
32 227
33 227
fl=./nptl/./nptl/futex-internal.c
fn=__futex_abstimed_wait_cancelable64
57 3546
77 394
80 394
83 591
84 394
103 1576
113 197
138 1576
141 1182
fl=./nptl/./nptl/libc-cleanup.c
fn=__libc_cleanup_pop_restore
54 4
55 4
57 8
59 4
60 12
71 4
fn=__libc_cleanup_push_defer
24 4
25 4
27 8
29 8
32 8
46 12
48 4
49 4
fl=./nptl/./nptl/lowlevellock.c
fn=__lll_lock_wait
41 146
42 219
45 292
48 73
fn=__lll_lock_wake
63 203
64 1015
65 203
fl=./nptl/./nptl/nptl-stack.c
fn=__nptl_deallocate_stack
29 32
37 32
44 96
52 32
104 96
105 96
107 56
112 192
113 160
117 32
123 64
129 128
130 128
fn=__nptl_free_stacks
29 28
37 28
58 280
65 168
69 28
70 84
76 84
79 56
83 140
87 56
91 224
fn=__nptl_stack_list_add
43 32
44 128
52 32
53 32
fl=./nptl/./nptl/nptl_deallocate_tsd.c
fn=__nptl_deallocate_tsd
23 32
28 128
110 32
fl=./nptl/./nptl/nptl_free_tcb.c
fn=__nptl_free_tcb
25 192
27 64
31 96
42 64
44 64
fl=./nptl/./nptl/pthread_attr_copy.c
fn=__pthread_attr_copy
25 416
29 256
32 32
38 96
61 256
62 32
63 352
fl=./nptl/./nptl/pthread_attr_destroy.c
fn=pthread_attr_destroy
26 32
36 96
44 64
fl=./nptl/./nptl/pthread_cond_broadcast.c
fn=pthread_cond_broadcast@@GLIBC_2.3.2
39 873
40 97
42 97
43 291
51 18
52 12
56 30
75 18
77 6
85 12
88 873
fl=./nptl/./nptl/pthread_cond_common.c
fn=pthread_cond_broadcast@@GLIBC_2.3.2
60 36
116 18
117 12
119 24
151 48
152 6
161 12
174 18
175 6
176 24
177 6
186 12
213 18
214 30
215 12
241 36
256 30
257 12
295 24
302 12
310 6
316 18
320 12
325 6
fn=pthread_cond_signal@@GLIBC_2.3.2
60 30
116 15
117 10
119 20
151 40
152 5
161 10
174 15
175 5
176 20
177 5
186 10
213 10
214 25
215 10
241 20
256 25
257 10
295 20
302 10
310 5
312 10
316 10
320 5
325 10
fn=pthread_cond_wait@@GLIBC_2.3.2
186 591
fl=./nptl/./nptl/pthread_cond_destroy.c
fn=pthread_cond_destroy@@GLIBC_2.3.2
42 56
43 56
49 392
50 56
51 224
59 112
fl=./nptl/./nptl/pthread_cond_init.c
fn=pthread_cond_init@@GLIBC_2.3.2
27 9
38 18
47 9
50 18
fl=./nptl/./nptl/pthread_cond_signal.c
fn=pthread_cond_signal@@GLIBC_2.3.2
35 1701
36 189
41 189
42 567
67 20
68 10
76 15
84 10
85 10
93 5
96 1701
fl=./nptl/./nptl/pthread_cond_wait.c
fn=pthread_cond_wait@@GLIBC_2.3.2
53 985
152 780
386 197
404 591
405 394
409 591
419 788
420 394
432 788
465 981
469 784
484 585
485 585
486 585
497 390
498 195
499 195
500 585
501 1365
503 1365
506 585
508 1365
524 195
532 591
540 788
616 394
618 394
625 2758
628 2364
fl=./nptl/./nptl/pthread_create.c
fn=create_thread
236 384
240 160
244 64
247 64
248 64
287 352
290 32
297 128
298 64
303 32
309 64
321 64
332 32
333 352
fn=pthread_create@@GLIBC_2.34
81 2
82 1
83 4
90 6
609 128
626 512
632 64
635 1
638 3
644 32
645 128
647 128
648 64
650 64
663 1
674 32
677 32
683 64
684 64
685 32
688 32
689 128
690 96
694 32
695 128
700 128
703 128
708 64
709 64
713 64
718 64
730 64
731 64
751 64
752 3
755 96
757 32
767 32
772 64
780 96
791 64
836 224
843 64
883 64
893 64
897 64
898 64
901 416
fn=start_thread
338 352
345 64
367 128
370 32
373 96
377 32
388 160
405 128
419 64
423 192
426 64
429 64
431 64
433 32
437 64
447 128
448 32
452 32
455 32
458 32
461 96
492 64
494 64
508 192
515 160
516 64
517 128
552 96
553 96
556 96
573 96
578 128
599 160
fl=./nptl/./nptl/pthread_getattr_default_np.c
fn=pthread_getattr_default_np@@GLIBC_2.34
24 192
25 128
26 96
27 128
29 96
fl=./nptl/./nptl/pthread_join.c
fn=pthread_join@@GLIBC_2.34
23 32
24 128
fl=./nptl/./nptl/pthread_join_common.c
fn=__pthread_clockjoin_ex
39 384
43 192
48 160
52 32
55 32
57 64
58 64
74 160
84 64
89 192
94 134
102 10
104 8
111 128
114 32
118 32
121 64
122 32
125 96
130 32
133 352
fl=./nptl/./nptl/pthread_mutex_conf.c
fn=__pthread_tunables_init
55 8
56 5
58 4
60 4
62 6
fl=./nptl/./nptl/pthread_mutex_destroy.c
fn=pthread_mutex_destroy@@GLIBC_2.2.5
26 6
27 6
31 18
33 18
34 6
39 6
41 6
42 6
fl=./nptl/./nptl/pthread_mutex_init.c
fn=pthread_mutex_init@@GLIBC_2.2.5
53 108
65 27
92 18
105 54
136 36
140 9
149 9
151 9
152 90
fl=./nptl/./nptl/pthread_mutex_lock.c
fn=pthread_mutex_lock@@GLIBC_2.2.5
44 9547
45 38188
48 38188
77 47735
80 28641
82 9547
84 19094
88 19094
90 28542
94 28542
97 66
108 132
112 33
115 66
124 9547
130 99
131 66
179 9547
182 9547
184 9547
187 9547
190 28641
fl=./nptl/./nptl/pthread_mutex_unlock.c
fn=__pthread_mutex_unlock_usercnt
39 197
40 788
43 1428
48 788
51 591
52 394
57 394
62 197
63 394
70 197
72 197
104 394
fn=pthread_mutex_unlock@@GLIBC_2.2.5
39 9547
40 38188
43 38360
51 28641
52 19094
57 19094
62 9547
65 9547
70 9547
72 9547
74 66
80 132
84 99
87 66
367 38188
369 19094
fl=./nptl/./nptl/pthread_self.c
fn=pthread_self
23 10
25 20
fl=./posix/../malloc/dynarray-skeleton.c
fn=__unregister_atfork
243 10
fl=./posix/../sysdeps/posix/sysconf.c
fn=sysconf
60 11
633 3
fl=./posix/../sysdeps/unix/syscall-template.S
fn=uname
120 10
122 2
fl=./posix/../sysdeps/unix/sysv/linux/_exit.c
fn=_Exit
27 2
30 4
fl=./posix/../sysdeps/unix/sysv/linux/x86/../sysconf.c
fn=sysconf
49 10
fl=./posix/../sysdeps/unix/sysv/linux/x86/sysconf.c
fn=sysconf
32 12
33 3
37 10
fl=./posix/./posix/register-atfork.c
fn=__unregister_atfork
71 20
82 60
83 40
109 40
110 30
fl=./resolv/./resolv/res-close.c
fn=__res_thread_freeres
131 224
132 32
134 160
142 192
fl=./resolv/./resolv/resolv_context.c
fn=__resolv_context_freeres
242 288
244 64
245 32
246 64
252 256
fl=./resource/../sysdeps/unix/sysv/linux/getrlimit64.c
fn=getrlimit
38 2
39 7
40 1
fl=./setjmp/../sysdeps/x86_64/bsd-_setjmp.S
fn=_setjmp
28 33
30 33
32 33
fl=./setjmp/../sysdeps/x86_64/setjmp.S
fn=__sigsetjmp
31 54
33 54
42 54
43 108
44 54
48 54
49 54
50 54
51 54
52 54
54 108
56 54
57 54
58 54
60 108
62 54
67 33
68 33
70 21
73 21
74 21
81 21
82 21
85 33
fl=./setjmp/./setjmp/sigjmp.c
fn=__sigjmp_save
28 198
29 33
30 66
34 132
fl=./signal/../string/bits/string_fortified.h
fn=__libc_sigaction
29 16
fl=./signal/../sysdeps/unix/sysv/linux/libc_sigaction.c
fn=__libc_sigaction
43 8
48 2
50 2
53 5
58 11
63 4
71 6
fl=./socket/../sysdeps/unix/syscall-template.S
fn=getpeername
120 5
122 1
fn=getsockname
120 5
122 1
fn=shutdown
120 5
122 1
fn=socket
120 5
122 1
fl=./socket/../sysdeps/unix/sysv/linux/connect.c
fn=connect
24 7
26 15
30 2
fl=./socket/../sysdeps/unix/sysv/linux/recv.c
fn=recv
24 27
28 57
32 9
fl=./socket/../sysdeps/unix/sysv/linux/recvmsg.c
fn=recvmsg
27 1793
35 555
41 41
49 777
fl=./stdio-common/../include/printf_buffer.h
fn=__printf_buffer
163 136
fl=./stdio-common/../string/bits/string_fortified.h
fn=__printf_buffer_write
29 201
fl=./stdio-common/./stdio-common/Xprintf_buffer_done.c
fn=__printf_buffer_done
25 34
26 102
31 68
33 408
40 34
fl=./stdio-common/./stdio-common/Xprintf_buffer_write.c
fn=__printf_buffer_write
27 832
28 312
31 476
33 335
36 67
37 134
40 201
41 67
44 624
fl=./stdio-common/./stdio-common/_itoa.c
fn=_itoa_word
169 34
172 136
174 68
183 2336
192 68
fl=./stdio-common/./stdio-common/printf-parse.h
fn=__printf_buffer
82 310
fl=./stdio-common/./stdio-common/snprintf.c
fn=snprintf
26 384
30 192
31 96
35 160
fl=./stdio-common/./stdio-common/vfprintf-internal.c
fn=__printf_buffer
600 510
627 170
631 34
634 34
638 136
642 34
653 102
654 68
655 102
659 68
663 272
683 35
684 35
685 35
686 35
687 35
690 70
691 35
692 35
693 35
694 35
695 35
698 35
699 35
705 490
784 32
883 32
973 102
1018 35
1024 35
1028 105
1029 70
1031 73
1044 374
fl=./stdio-common/./stdio-common/vfprintf-process-arg.c
fn=__printf_buffer
35 2
48 4
49 2
50 4
52 4
53 16
57 4
58 4
66 32
67 34
92 32
93 32
94 32
126 64
128 64
130 64
131 256
136 102
138 68
155 510
161 306
166 204
170 68
186 170
187 296
195 170
197 102
199 136
201 238
206 68
208 136
211 68
224 68
233 68
236 68
240 170
403 8
408 2
422 6
430 2
435 4
455 3
491 1
501 4
502 1
fl=./stdlib/../stdlib/strtol.c
fn=__isoc23_strtoul
125 4
126 20
fl=./stdlib/../stdlib/strtol_l.c
fn=____strtoul_l_internal
238 52
252 4
257 4
258 4
264 8
292 4
295 16
304 24
306 8
310 4
311 8
316 8
320 8
322 6
327 12
335 2
342 8
345 16
390 12
391 12
393 4
394 4
395 4
449 10
451 40
453 21
460 4
477 8
478 4
481 15
484 20
489 13
490 15
495 8
500 12
501 4
513 8
524 20
546 36
fl=./stdlib/./stdlib/cxa_atexit.c
fn=__cxa_atexit
41 2
43 8
44 2
46 2
52 3
53 1
54 1
55 1
56 1
57 4
58 1
67 7
69 6
fn=__new_exitfn
80 5
81 1
86 2
91 10
93 4
101 1
122 1
123 1
134 1
136 1
137 1
141 5
fl=./stdlib/./stdlib/cxa_finalize.c
fn=__cxa_finalize
30 100
33 70
36 70
40 70
93 70
97 60
105 20
106 40
107 80
fl=./stdlib/./stdlib/cxa_thread_atexit_impl.c
fn=__call_tls_dtors
148 165
149 132
165 132
fl=./stdlib/./stdlib/exit.c
fn=__run_exit_handlers
38 12
40 2
41 2
43 5
54 2
56 2
60 1
64 6
66 2
67 1
69 7
94 2
101 1
102 1
103 1
104 3
107 4
108 3
109 4
113 3
119 3
120 2
126 4
128 2
129 2
131 2
fn=exit
137 3
138 4
fl=./stdlib/./stdlib/getenv.c
fn=getenv
24 90
25 80
28 20
29 1710
31 850
32 424
33 5
37 90
fl=./string/../include/rtld-malloc.h
fn=strdup
56 22
fl=./string/../string/bits/string_fortified.h
fn=strdup
29 16
fl=./string/../string/strcspn.c
fn=strcspn
32 6
33 3
34 2
39 6
40 4
41 4
42 4
44 1
47 9
48 6
51 4
52 4
53 4
54 4
56 3
61 13
62 26
63 26
64 26
65 13
67 78
69 1
70 4
71 3
fl=./string/../string/strstr.c
fn=__GI_strstr
77 12
82 3
84 5
85 2
86 2
161 12
fl=./string/../sysdeps/unix/sysv/linux/tls-internal.c
fn=__glibc_tls_internal_free
24 160
25 32
26 64
27 64
28 64
fl=./string/../sysdeps/x86/cacheinfo.c
fn=__x86_cacheinfo
86 1
fl=./string/../sysdeps/x86/cacheinfo.h
fn=__x86_cacheinfo
59 1
62 3
64 3
65 1
71 3
73 3
74 1
78 2
80 2
81 2
82 2
84 2
86 2
fl=./string/../sysdeps/x86_64/multiarch/../multiarch/memcmp-sse2.S
fn=bcmp
59 1
71 1
72 1
94 1
95 1
140 1
141 1
143 1
144 1
146 1
147 1
149 1
150 1
197 1
198 1
199 1
200 1
201 1
202 1
fl=./string/../sysdeps/x86_64/multiarch/../multiarch/memset-vec-unaligned-erms.S
fn=memset
132 47
133 235
138 47
139 47
142 39
143 39
145 1
146 1
147 1
244 38
245 38
257 38
260 38
261 38
273 38
274 38
287 38
288 38
290 38
293 5
296 10
299 133
300 133
301 133
302 133
303 133
304 133
305 133
308 38
309 38
310 38
311 38
316 38
350 8
352 8
353 8
392 8
393 8
395 8
fl=./string/../sysdeps/x86_64/multiarch/../multiarch/strchr-sse2.S
fn=index
32 41
33 41
34 41
35 41
36 41
37 41
38 41
39 41
40 41
41 41
42 41
43 41
44 41
45 41
46 41
47 41
48 41
49 41
50 38
54 38
55 38
56 38
57 38
59 38
63 3
64 3
65 3
66 3
67 3
68 3
69 3
70 3
71 3
72 3
73 3
74 3
75 3
76 3
77 3
78 3
79 3
80 3
81 3
82 3
83 3
84 3
85 3
86 3
138 3
142 3
143 3
144 3
145 3
147 3
fl=./string/../sysdeps/x86_64/multiarch/../multiarch/strcmp-sse2.S
fn=strcmp
98 1366
131 1366
132 1366
134 1366
135 1366
156 1366
157 1366
158 1121
159 1121
160 868
161 868
162 868
163 868
180 868
181 868
182 868
183 868
184 868
185 868
186 868
191 61
192 183
201 559
202 559
203 559
204 559
205 559
206 559
207 559
208 559
209 516
210 289
211 289
212 289
214 516
215 516
216 516
217 516
218 516
219 516
229 43
230 43
231 43
233 43
239 43
240 43
241 43
242 43
243 43
248 43
250 9
251 9
252 18
260 9
261 9
264 9
265 9
266 9
267 9
268 9
269 9
300 7
301 7
302 7
303 7
304 7
306 7
307 7
308 7
309 7
310 7
311 7
312 7
313 7
316 7
317 7
318 7
324 7
325 7
326 14
330 7
331 7
334 7
335 7
336 7
338 7
339 7
340 7
344 7
345 7
346 7
347 7
348 7
349 7
424 4
425 4
426 4
427 4
428 4
430 4
431 4
432 4
433 4
434 4
435 4
436 4
437 4
440 4
441 4
442 4
448 4
449 4
450 8
454 4
455 4
458 4
459 4
460 4
462 4
463 4
464 4
468 4
469 4
470 4
471 4
472 4
473 4
542 18
543 18
544 18
545 18
546 18
548 18
549 18
550 18
551 18
552 18
553 18
554 18
555 8
559 8
560 8
561 8
567 8
568 8
569 16
573 8
574 8
577 8
578 8
579 8
581 8
582 8
583 8
587 8
588 8
589 8
590 8
591 8
592 8
661 9
662 9
663 9
664 9
665 9
667 9
668 9
669 9
670 9
671 9
672 9
673 9
674 6
678 6
679 6
680 6
686 6
687 6
688 12
692 6
693 6
696 6
697 6
698 6
700 6
701 6
702 6
706 6
707 6
708 6
709 6
710 6
711 6
780 11
781 11
782 11
783 11
784 11
786 11
787 11
788 11
789 11
790 11
791 11
792 11
793 9
797 9
798 9
799 9
805 9
806 9
807 18
811 9
812 9
815 9
816 9
817 9
819 9
820 9
821 9
825 9
826 9
827 9
828 9
829 9
830 9
899 16
900 16
901 16
902 16
903 16
905 16
906 16
907 16
908 16
909 16
910 16
911 16
912 4
916 4
917 4
918 4
924 4
925 4
926 8
930 4
931 4
934 4
935 4
936 4
938 4
939 4
940 4
944 4
945 4
946 4
947 4
948 4
949 4
956 1
957 1
959 1
960 1
962 1
963 1
964 1
966 1
967 1
968 1
972 1
973 1
974 1
975 1
976 1
977 1
1018 49
1019 49
1020 49
1021 49
1022 49
1024 49
1025 49
1026 49
1027 49
1028 49
1029 49
1030 49
1031 45
1035 45
1036 45
1037 45
1043 45
1044 45
1045 90
1049 45
1050 45
1053 45
1054 45
1055 45
1057 45
1058 45
1059 45
1063 45
1064 45
1065 45
1066 45
1067 45
1068 45
1137 45
1138 45
1139 45
1140 45
1141 45
1143 45
1144 45
1145 45
1146 45
1147 45
1148 45
1149 45
1150 17
1154 17
1155 17
1156 17
1162 17
1163 17
1164 34
1168 17
1169 17
1172 17
1173 17
1174 17
1176 17
1177 17
1178 17
1182 17
1183 17
1184 17
1185 17
1186 17
1187 17
1194 3
1195 3
1197 3
1198 3
1200 3
1201 3
1202 3
1204 3
1205 3
1206 3
1210 3
1211 3
1212 3
1213 3
1214 3
1215 3
1256 43
1257 43
1258 43
1259 43
1260 43
1262 43
1263 43
1264 43
1265 43
1266 43
1267 43
1268 43
1269 22
1273 22
1274 22
1275 22
1281 22
1282 22
1283 44
1287 22
1288 22
1291 22
1292 22
1293 22
1295 22
1296 22
1297 22
1301 22
1302 22
1303 22
1304 22
1305 22
1306 22
1313 2
1314 2
1316 2
1317 2
1319 2
1320 2
1321 2
1323 2
1324 2
1325 2
1329 2
1330 2
1331 2
1332 2
1333 2
1334 2
1375 39
1376 39
1377 39
1378 39
1379 39
1381 39
1382 39
1383 39
1384 39
1385 39
1386 39
1387 39
1388 22
1392 22
1393 22
1394 22
1400 22
1401 22
1402 44
1406 22
1407 22
1410 22
1411 22
1412 22
1414 22
1415 22
1416 22
1420 22
1421 22
1422 22
1423 22
1424 22
1425 22
1432 1
1433 1
1435 1
1436 1
1438 1
1439 1
1440 1
1442 1
1443 1
1444 1
1448 1
1449 1
1450 1
1451 1
1452 1
1453 1
1494 70
1495 70
1496 70
1497 70
1498 70
1500 70
1501 70
1502 70
1503 70
1504 70
1505 70
1506 70
1507 34
1511 34
1512 34
1513 34
1519 34
1520 34
1521 68
1525 34
1526 34
1529 34
1530 34
1531 34
1533 34
1534 34
1535 34
1539 34
1540 34
1541 34
1542 34
1543 34
1544 34
1551 1
1552 1
1554 1
1555 1
1557 1
1558 1
1559 1
1561 1
1562 1
1563 1
1567 1
1568 1
1569 1
1570 1
1571 1
1572 1
1613 58
1614 58
1615 58
1616 58
1617 58
1619 58
1620 58
1621 58
1622 58
1623 58
1624 58
1625 58
1626 27
1630 27
1631 27
1632 27
1638 27
1639 27
1640 54
1644 27
1645 27
1648 27
1649 27
1650 27
1652 27
1653 27
1654 27
1658 27
1659 27
1660 27
1661 27
1662 27
1663 27
1670 1
1671 1
1673 1
1674 1
1676 1
1677 1
1678 1
1680 1
1681 1
1682 1
1686 1
1687 1
1688 1
1689 1
1690 1
1691 1
1732 47
1733 47
1734 47
1735 47
1736 47
1738 47
1739 47
1740 47
1741 47
1742 47
1743 47
1744 47
1745 20
1749 20
1750 20
1751 20
1757 20
1758 20
1759 40
1763 20
1764 20
1767 20
1768 20
1769 20
1771 20
1772 20
1773 20
1777 20
1778 20
1779 20
1780 20
1781 20
1782 20
1789 1
1790 1
1792 1
1793 1
1795 1
1796 1
1797 1
1799 1
1800 1
1801 1
1805 1
1806 1
1807 1
1808 1
1809 1
1810 1
1851 61
1852 61
1853 61
1854 61
1855 61
1857 61
1858 61
1859 61
1860 61
1861 61
1862 61
1863 61
1864 23
1868 23
1869 23
1870 23
1876 23
1877 23
1878 46
1882 23
1883 23
1886 23
1887 23
1888 23
1890 23
1891 23
1892 23
1896 23
1897 23
1898 23
1899 23
1900 23
1901 23
1908 2
1909 2
1911 2
1912 2
1914 2
1915 2
1916 2
1918 2
1919 2
1920 2
1924 2
1925 2
1926 2
1927 2
1928 2
1929 2
1970 39
1971 39
1972 39
1973 39
1974 39
1976 39
1977 39
1978 39
1979 39
1980 39
1981 39
1982 39
1984 13
1988 13
1989 13
1990 13
1996 13
1997 13
1999 26
2003 13
2004 13
2007 13
2008 13
2009 13
2011 13
2012 13
2013 13
2017 13
2018 13
2019 13
2020 13
2021 13
2022 13
2029 2
2030 2
2032 2
2033 2
2035 2
2036 2
2037 2
2039 2
2040 2
2041 2
2045 2
2046 2
2047 2
2048 2
2049 2
2050 2
2093 270
2095 559
2096 559
2097 559
2098 559
2099 578
2104 1366
2110 1366
2111 1366
2119 1366
2120 1366
fn=strncmp
98 1
125 1
126 1
127 1
128 1
129 1
131 1
132 1
134 1
135 1
156 1
157 1
158 1
159 1
160 1
161 1
162 1
163 1
180 1
181 1
182 1
183 1
184 1
185 1
186 1
2104 1
2107 1
2108 1
2110 1
2111 1
2119 1
2120 1
fl=./string/../sysdeps/x86_64/multiarch/../multiarch/strlen-sse2.S
fn=strlen
57 55
101 55
102 55
103 55
104 55
105 55
106 55
107 55
109 55
111 55
142 54
143 54
144 54
145 54
146 54
147 25
149 25
153 29
154 29
155 29
156 29
157 29
158 29
159 29
160 29
161 29
162 29
163 29
164 29
169 232
173 1
174 14
175 6
190 1
191 1
192 2
243 1
244 1
245 1
246 1
247 1
248 1
249 1
250 1
266 1
268 1
269 14
271 1
272 1
273 1
275 1
fl=./string/../sysdeps/x86_64/multiarch/ifunc-avx2.h
fn=memrchr
38 4
40 3
41 2
42 3
45 2
46 2
49 3
52 6
fn=rindex
38 8
40 6
41 4
42 6
45 4
46 4
49 6
52 12
fn=strchrnul
38 4
40 3
41 2
42 3
45 2
46 2
49 3
52 6
fn=strlen
38 20
40 15
41 10
42 15
45 10
46 10
49 15
52 30
fn=strnlen
38 8
40 6
41 4
42 6
45 4
46 4
49 6
52 12
fl=./string/../sysdeps/x86_64/multiarch/ifunc-evex.h
fn=memchr
37 4
38 3
39 3
42 2
43 2
45 2
51 3
54 4
fl=./string/../sysdeps/x86_64/multiarch/ifunc-memcmp.h
fn=bcmp
34 20
35 8
36 8
37 12
40 8
41 8
44 12
47 16
fl=./string/../sysdeps/x86_64/multiarch/ifunc-memmove.h
fn=memcpy@@GLIBC_2.14
56 12
57 18
60 18
61 12
74 12
77 12
85 12
93 12
96 30
fn=memmove
56 6
57 9
60 9
61 6
74 6
77 6
85 6
93 6
96 15
fn=mempcpy
56 2
57 3
60 3
61 2
74 2
77 2
85 2
93 2
96 5
fl=./string/../sysdeps/x86_64/multiarch/ifunc-memset.h
fn=memset
54 20
57 12
58 8
64 8
73 8
75 8
85 8
93 8
96 20
fl=./string/../sysdeps/x86_64/multiarch/ifunc-sse4_2.h
fn=strcspn
36 5
fn=strpbrk
36 5
fn=strspn
36 5
fl=./string/../sysdeps/x86_64/multiarch/ifunc-strcasecmp.h
fn=strcasecmp
36 4
37 2
38 3
41 2
42 2
45 3
48 5
fn=strcasecmp_l
36 4
37 2
38 3
41 2
42 2
45 3
48 5
fn=strncasecmp
36 4
37 2
38 3
41 2
42 2
45 3
48 5
fn=strncasecmp_l
36 4
37 2
38 3
41 2
42 2
45 3
48 5
fl=./string/../sysdeps/x86_64/multiarch/ifunc-strcpy.h
fn=stpcpy
38 4
39 3
42 2
43 2
46 3
49 3
fn=strcat
38 4
39 3
42 2
43 2
46 3
49 3
fn=strcpy
38 4
39 3
42 2
43 2
46 3
49 3
fl=./string/../sysdeps/x86_64/multiarch/ifunc-strncpy.h
fn=stpncpy
35 5
36 3
39 2
40 2
43 3
46 4
fn=strncpy
35 5
36 3
39 2
40 2
43 3
46 4
fl=./string/../sysdeps/x86_64/multiarch/memchr-avx2.S
fn=__memchr_avx2
61 1
68 1
70 1
73 1
74 1
76 1
77 1
78 1
79 1
82 1
83 1
86 1
87 1
101 1
106 1
113 1
114 1
115 1
116 1
fl=./string/../sysdeps/x86_64/multiarch/memchr.c
fn=memchr
29 2
fl=./string/../sysdeps/x86_64/multiarch/memcmp-avx2-movbe.S
fn=__memcmp_avx2_movbe
73 2
80 2
81 2
401 2
402 2
407 2
408 2
409 2
410 2
411 2
414 2
415 2
416 2
417 2
420 2
421 2
422 2
423 4
fl=./string/../sysdeps/x86_64/multiarch/memcmp.c
fn=bcmp
29 16
fl=./string/../sysdeps/x86_64/multiarch/memcmpeq.c
fn=memcpy@@GLIBC_2.14
29 6
fl=./string/../sysdeps/x86_64/multiarch/memmove-vec-unaligned-erms.S
fn=???
251 24
fn=__memcpy_avx_unaligned_erms
255 324
256 324
262 324
263 324
265 175
266 175
267 175
270 137
271 137
272 137
275 274
305 149
306 149
308 105
309 105
311 99
315 99
316 63
317 63
318 13
319 13
320 11
321 11
323 13
325 63
331 36
332 36
333 36
334 36
335 36
342 44
343 44
344 44
345 44
347 44
364 6
365 6
366 6
367 6
368 6
375 9
376 9
377 9
378 9
379 9
380 9
381 18
386 38
387 38
392 38
393 38
395 21
396 21
397 21
399 12
400 12
401 12
402 12
403 12
404 12
405 12
406 12
407 12
408 12
409 12
410 12
411 12
412 12
413 24
417 17
418 17
422 17
424 17
428 17
429 17
440 17
443 17
445 17
447 17
451 17
452 17
461 17
462 17
464 17
466 17
467 17
468 17
471 17
473 17
475 17
477 34
483 140
484 140
485 140
486 140
487 140
488 140
489 140
490 140
491 140
492 140
493 140
494 140
496 17
497 17
498 17
499 17
501 17
505 34
fn=__memcpy_chk_avx_unaligned_erms
249 6
250 6
251 6
fn=memcpy
210 56
211 56
217 133
218 133
220 87
221 87
222 87
224 59
225 59
226 59
228 59
308 46
309 46
311 10
315 10
316 10
317 10
318 1
319 1
323 1
325 10
364 36
365 36
366 36
367 36
368 36
375 25
376 25
377 25
378 25
379 25
380 25
381 25
392 28
393 28
395 28
396 28
397 28
399 3
400 3
401 3
402 3
403 3
404 3
405 3
406 3
407 3
408 3
409 3
410 3
411 3
412 3
413 3
fn=mempcpy
197 77
198 77
199 77
200 77
fl=./string/../sysdeps/x86_64/multiarch/memmove.c
fn=memmove
29 3
fl=./string/../sysdeps/x86_64/multiarch/mempcpy.c
fn=mempcpy
33 1
fl=./string/../sysdeps/x86_64/multiarch/memrchr.c
fn=memrchr
29 3
fl=./string/../sysdeps/x86_64/multiarch/memset-vec-unaligned-erms.S
fn=???
154 4
fn=__memset_avx2_unaligned_erms
158 5245
159 10490
164 5245
165 5245
166 5243
167 5243
168 5243
170 2
171 2
172 4
181 777
182 777
184 1554
237 5241
238 5241
244 5233
245 5233
257 5233
260 5233
261 5233
273 4456
274 4456
287 4456
288 4456
290 4456
293 37
296 37
299 46
300 46
301 46
302 46
303 46
304 46
305 83
308 4456
309 4456
310 4456
311 4456
314 8912
325 8
326 8
327 8
328 187160
329 8
330 16
337 2
346 2
347 2
378 2
379 2
380 2
fn=__memset_chk_avx2_unaligned_erms
152 1
153 1
154 1
fl=./string/../sysdeps/x86_64/multiarch/memset.c
fn=memset
29 4
fl=./string/../sysdeps/x86_64/multiarch/stpcpy.c
fn=stpcpy
33 3
fl=./string/../sysdeps/x86_64/multiarch/stpncpy.c
fn=stpncpy
31 3
fl=./string/../sysdeps/x86_64/multiarch/strcasecmp.c
fn=strcasecmp
31 3
fl=./string/../sysdeps/x86_64/multiarch/strcasecmp_l.c
fn=strcasecmp_l
31 3
fl=./string/../sysdeps/x86_64/multiarch/strcat.c
fn=strcat
29 3
fl=./string/../sysdeps/x86_64/multiarch/strchr-avx2.S
fn=__strchr_avx2
53 1
55 1
56 1
57 1
58 1
59 1
62 1
63 1
67 1
68 1
69 1
70 1
71 1
72 1
73 1
74 1
77 1
85 1
93 1
94 2
fn=__strchrnul_avx2
53 69
55 69
56 69
57 69
58 69
59 69
62 69
63 69
67 69
68 69
69 69
70 69
71 69
72 69
73 69
74 69
87 69
89 138
fl=./string/../sysdeps/x86_64/multiarch/strchr.c
fn=index
42 8
43 4
44 6
47 4
48 4
51 6
54 6
65 6
fl=./string/../sysdeps/x86_64/multiarch/strchrnul.c
fn=strchrnul
31 3
fl=./string/../sysdeps/x86_64/multiarch/strcmp-avx2.S
fn=__strcmp_avx2
206 3
249 3
274 3
275 3
276 3
278 3
279 3
283 3
287 3
289 3
291 3
294 3
303 3
304 3
308 3
318 3
319 3
322 3
326 6
953 3
954 3
fn=__strncmp_avx2
206 70
230 70
235 70
249 70
274 70
275 70
276 70
278 70
279 70
283 70
287 70
289 70
291 70
294 70
296 70
297 70
308 64
318 64
319 64
322 64
326 128
331 70
332 70
333 70
337 6
338 12
957 2
958 2
959 2
960 2
962 2
965 2
966 2
1076 2
1077 2
fl=./string/../sysdeps/x86_64/multiarch/strcmp.c
fn=strcmp
47 16
48 8
49 12
52 8
53 8
56 12
59 12
79 12
fl=./string/../sysdeps/x86_64/multiarch/strcpy.c
fn=strcpy
29 3
fl=./string/../sysdeps/x86_64/multiarch/strcspn.c
fn=strcspn
29 2
fl=./string/../sysdeps/x86_64/multiarch/strlen-avx2.S
fn=__strlen_avx2
52 2391
65 2391
66 2391
67 2391
70 2391
72 2391
73 2391
76 2391
77 2391
85 2391
86 2391
87 342
92 684
118 2049
131 2049
132 2049
133 2049
139 4098
221 2049
236 2049
242 2049
243 2049
244 2049
fl=./string/../sysdeps/x86_64/multiarch/strlen.c
fn=strlen
29 15
fl=./string/../sysdeps/x86_64/multiarch/strncase.c
fn=strncasecmp
31 3
fl=./string/../sysdeps/x86_64/multiarch/strncase_l.c
fn=strncasecmp_l
31 3
fl=./string/../sysdeps/x86_64/multiarch/strncmp.c
fn=strncmp
43 16
44 8
45 12
48 8
49 8
52 12
55 20
67 12
fl=./string/../sysdeps/x86_64/multiarch/strncpy-avx2.S
fn=__strncpy_avx2
54 1
72 1
75 1
78 1
79 1
80 1
81 1
82 1
85 1
86 1
87 1
91 1
98 1
100 1
482 1
483 1
484 1
485 1
486 1
499 2
531 1
533 1
534 1
535 1
fl=./string/../sysdeps/x86_64/multiarch/strncpy.c
fn=strncpy
29 3
fl=./string/../sysdeps/x86_64/multiarch/strnlen.c
fn=strnlen
31 6
fl=./string/../sysdeps/x86_64/multiarch/strpbrk.c
fn=strpbrk
29 2
fl=./string/../sysdeps/x86_64/multiarch/strrchr-avx2.S
fn=__strrchr_avx2
53 5
54 5
55 5
57 5
58 5
62 5
63 5
64 5
67 5
69 5
70 5
71 5
72 5
75 5
76 5
78 5
79 5
80 5
81 3
82 3
91 10
fl=./string/../sysdeps/x86_64/multiarch/strrchr.c
fn=rindex
28 6
fl=./string/../sysdeps/x86_64/multiarch/strspn.c
fn=strspn
29 2
fl=./string/./string/strdup.c
fn=strdup
40 90
41 30
42 8
44 30
47 44
48 49
fl=./sunrpc/./sunrpc/rpc_thread.c
fn=__rpc_thread_destroy
21 160
22 64
24 64
39 128
fl=./sysvipc/../sysdeps/unix/sysv/linux/shmat.c
fn=shmat
28 1
30 4
42 1
fl=./sysvipc/../sysdeps/unix/sysv/linux/shmctl.c
fn=shmctl@@GLIBC_2.2.5
77 4
87 1
170 1
fl=./sysvipc/../sysdeps/unix/sysv/linux/shmdt.c
fn=shmdt
27 1
29 4
33 1
fl=./sysvipc/../sysdeps/unix/sysv/linux/shmget.c
fn=shmget
28 1
30 5
34 1
fl=./time/../sysdeps/unix/sysv/linux/dl-vdso.h
fn=gettimeofday
40 2
41 2
fl=./time/../sysdeps/unix/sysv/linux/gettimeofday.c
fn=__gettimeofday_syscall
33 28
34 56
36 112
37 28
fn=gettimeofday
42 3
fl=./wcsmbs/../sysdeps/x86_64/multiarch/ifunc-avx2.h
fn=wcschr
38 12
40 9
41 6
42 9
45 6
46 6
49 9
52 18
fn=wcscmp
38 4
40 3
41 2
42 3
45 2
46 2
49 3
52 6
fl=./wcsmbs/../sysdeps/x86_64/multiarch/ifunc-evex.h
fn=wmemchr
37 8
38 6
39 6
42 4
43 4
45 4
51 6
54 8
fl=./wcsmbs/../sysdeps/x86_64/multiarch/ifunc-memcmp.h
fn=wmemcmp
34 5
35 2
36 2
37 3
40 2
41 2
44 3
47 4
fl=./wcsmbs/../sysdeps/x86_64/multiarch/ifunc-wcs.h
fn=wcpncpy
39 4
40 3
41 3
44 2
45 3
48 4
fn=wcscat
39 4
40 3
41 3
44 2
45 3
48 4
fn=wcsncpy
39 4
40 3
41 3
44 2
45 3
48 4
fl=./wcsmbs/../sysdeps/x86_64/multiarch/ifunc-wcslen.h
fn=wcslen
40 8
41 4
42 6
45 4
46 4
49 6
52 6
fn=wcsnlen
40 4
41 2
42 3
45 2
46 2
49 3
52 3
fl=./wcsmbs/../sysdeps/x86_64/multiarch/ifunc-wmemset.h
fn=wmemset
36 10
37 6
fl=./wcsmbs/../sysdeps/x86_64/multiarch/wcpcpy.c
fn=wcpncpy
31 1
fl=./wcsmbs/../sysdeps/x86_64/multiarch/wcpncpy.c
fn=wcpncpy
31 1
fl=./wcsmbs/../sysdeps/x86_64/multiarch/wcscat.c
fn=wcscat
31 2
fn=wcschr
31 3
fl=./wcsmbs/../sysdeps/x86_64/multiarch/wcschr.c
fn=wcschr
31 6
fl=./wcsmbs/../sysdeps/x86_64/multiarch/wcscmp.c
fn=wcscmp
30 3
fl=./wcsmbs/../sysdeps/x86_64/multiarch/wcscpy.c
fn=wcscpy
42 4
43 2
44 3
46 2
47 3
50 3
60 2
fl=./wcsmbs/../sysdeps/x86_64/multiarch/wcslen.c
fn=wcslen
29 6
fl=./wcsmbs/../sysdeps/x86_64/multiarch/wcsncpy.c
fn=wcsncpy
31 2
fl=./wcsmbs/../sysdeps/x86_64/multiarch/wcsnlen.c
fn=wcsnlen
30 3
fl=./wcsmbs/../sysdeps/x86_64/multiarch/wmemchr.c
fn=wmemchr
31 4
fl=./wcsmbs/../sysdeps/x86_64/multiarch/wmemcmp.c
fn=wmemcmp
29 4
fl=./wcsmbs/../sysdeps/x86_64/multiarch/wmemset.c
fn=wmemset
31 4
fl=???
fn=(below main)
0 12
fn=???
0 52448570
fn=XAutoRepeatOff
0 17
fn=XAutoRepeatOn
0 17
fn=XChangeGC
0 1520
fn=XChangeKeyboardControl
0 134
fn=XChangeProperty
0 248
fn=XChangeWindowAttributes
0 44
fn=XCloseDisplay
0 72
fn=XCopyArea
0 305
fn=XCreateGC
0 197
fn=XCreatePixmap
0 61
fn=XCreateWindow
0 79
fn=XDestroyWindow
0 31
fn=XDrawString
0 5270
fn=XESetCloseDisplay
0 73
fn=XESetErrorString
0 39
fn=XESetEventToWire
0 68
fn=XESetWireToEvent
0 102
fn=XFlush
0 21
fn=XFree
0 21
fn=XFreeGC
0 124
fn=XFreePixmap
0 31
fn=XFreeThreads
0 21
fn=XGetWMNormalHints
0 3
fn=XGetWMSizeHints
0 44
fn=XGetWindowProperty
0 93
fn=XInitExtension
0 174
fn=XInitThreads
0 73
fn=XInternAtom
0 188
fn=XMapRaised
0 39
fn=XNextEvent
0 3808
fn=XOpenDisplay
0 4318
fn=XPending
0 1762
fn=XPutBackEvent
0 25
fn=XQueryExtension
0 240
fn=XQueryPointer
0 405
fn=XSetErrorHandler
0 99
fn=XSetIOErrorHandler
0 35
fn=XSetWMNormalHints
0 3
fn=XSetWMProtocols
0 36
fn=XSetWMSizeHints
0 82
fn=XShmAttach
0 53
fn=XShmCreateImage
0 78
fn=XShmDetach
0 45
fn=XShmPutImage
0 435
fn=XShmQueryVersion
0 70
fn=XStoreName
0 36
fn=XSync
0 328
fn=XSynchronize
0 33
fn=XWindowEvent
0 351
fn=XauDisposeAuth
0 52
fn=XauFileName
0 20
fn=XauGetBestAuthByAddr
0 165
fn=XauReadAuth
0 151
fn=XextAddDisplay
0 240
fn=XextCreateExtension
0 12
fn=XextDestroyExtension
0 5
fn=XextFindDisplay
0 244
fn=XextRemoveDisplay
0 96
fn=XkbAllocClientMap
0 110
fn=XkbFreeClientMap
0 425
fn=XkbFreeCompatMap
0 15
fn=XkbFreeControls
0 16
fn=XkbFreeIndicatorMaps
0 14
fn=XkbFreeKeyboard
0 73
fn=XkbFreeNames
0 24
fn=XkbFreeServerMap
0 23
fn=XkbGetMap
0 39
fn=XkbGetUpdatedMap
0 63
fn=XkbKeycodeToKeysym
0 1825
fn=XkbSelectEventDetails
0 178
fn=XkbUseExtension
0 172
fn=_XAllocID
0 45
fn=_XAllocIDs
0 240
fn=_XConnectXCB
0 97
fn=_XData32
0 460
fn=_XDeq
0 1676
fn=_XEnq
0 3009
fn=_XEventsQueued
0 872
fn=_XFlush
0 66
fn=_XFreeAtomTable
0 408
fn=_XFreeDisplayStructure
0 1502
fn=_XFreeEventCookies
0 1104
fn=_XFreeExtData
0 715
fn=_XFreeX11XCBStructure
0 42
fn=_XGetBitsPerPixel
0 37
fn=_XGetRequest
0 2731
fn=_XGetScanlinePad
0 37
fn=_XInitImageFuncPtrs
0 31
fn=_XIsEventCookie
0 790
fn=_XPollfdCacheInit
0 19
fn=_XProcessWindowAttributes
0 119
fn=_XPutBackEvent
0 88
fn=_XRead
0 76
fn=_XReadEvents
0 558
fn=_XReadPad
0 24
fn=_XReply
0 4728
fn=_XSend
0 3636
fn=_XSetLastRequestRead
0 1640
fn=_XStoreEventCookie
0 952
fn=_XUpdateAtomCache
0 108
fn=_XUpdateGCCache
0 2281
fn=_XVIDtoVisual
0 27
fn=_XWireToEvent
0 3674
fn=_XkbFreeReadBuffer
0 25
fn=_XkbGetReadBufferPtr
0 5738
fn=_XkbInitReadBuffer
0 38
fn=_XkbReadBufferCopyKeySyms
0 5725
fn=_XkbReadCopyKeySyms
0 3667
fn=_XkbReadGetMapReply
0 16315
fn=ft_abs
0 205
fn=ft_add_exit
0 210
fn=ft_atod_safe
0 204674
fn=ft_atod_safe_0_1
0 30
fn=ft_atod_safe_0_255_to_0_1
0 13932
fn=ft_build_scene_from_elements
0 9923
fn=ft_bvh_builder
0 34481
fn=ft_bzero
0 31086
fn=ft_cam_euler_to_v3d
0 185
fn=ft_cam_v3d_to_euler
0 360
fn=ft_camera_move
0 455
fn=ft_camera_rotate
0 290
fn=ft_clampd
0 30
fn=ft_clear_all_gnl_data
0 13
fn=ft_clear_gc
0 5
fn=ft_clear_gc_id
0 5
fn=ft_clear_gnl_fd_gc
0 19
fn=ft_clock
0 872
fn=ft_clock_clear
0 24
fn=ft_clock_get
0 20
fn=ft_clock_set
0 40
fn=ft_clock_start
0 44
fn=ft_controls
0 55
fn=ft_count_matches
0 4156
fn=ft_create_image
0 33
fn=ft_create_tasks_and_wait_for_completion
0 8283
fn=ft_debug_gc
0 150
fn=ft_dict_get
0 9372
fn=ft_dict_set
0 343
fn=ft_do_exit.part.0
0 73
fn=ft_draw_cam_data
0 450
fn=ft_draw_double
0 1320
fn=ft_draw_double_8
0 220
fn=ft_draw_rectangle
0 554900
fn=ft_draw_str
0 135
fn=ft_dtoa_p
0 123
fn=ft_dtoa_p_full
0 2925
fn=ft_exec_updates
0 220
fn=ft_exit
0 5
fn=ft_exit_autorepeaton
0 2
fn=ft_exit_close_fd
0 3
fn=ft_exit_destroy_display
0 2
fn=ft_exit_destroy_done_cond
0 3
fn=ft_exit_destroy_image
0 4
fn=ft_exit_destroy_task_cond
0 3
fn=ft_exit_destroy_task_mutex
0 3
fn=ft_exit_destroy_window
0 4
fn=ft_exit_thread_cancel
0 255
fn=ft_extract_ambient_light
0 40
fn=ft_extract_camera
0 16
fn=ft_extract_lights
0 1575
fn=ft_extract_objects
0 6453
fn=ft_extract_planes
0 1561
fn=ft_find_best_split
0 12772
fn=ft_find_best_surface_on_axis_split
0 243790
fn=ft_free
0 1380
fn=ft_free_batch_gc
0 114
fn=ft_gc
0 418521
fn=ft_get_bounds_range
0 11171398
fn=ft_get_bounds_surface
0 196992
fn=ft_get_gnl_data_gc
0 4268
fn=ft_get_key
0 2915
fn=ft_get_key_down
0 3143
fn=ft_get_light
0 402537785
fn=ft_get_longest_bounds_axis
0 1527
fn=ft_get_parser_ambient_light
0 68
fn=ft_get_parser_camera
0 98
fn=ft_get_parser_cylinder
0 103
fn=ft_get_parser_cylinder2
0 69
fn=ft_get_parser_light
0 98
fn=ft_get_parser_plane
0 94
fn=ft_get_parser_plane2
0 56
fn=ft_get_parser_sphere
0 110
fn=ft_get_pdata
0 480
fn=ft_get_pixel_color
0 395371820
fn=ft_get_real_time
0 399
fn=ft_get_sphere_bounds
0 5632
fn=ft_get_viewport
0 955
fn=ft_gnl_read_loop_gc
0 84731
fn=ft_gnl_strjoin_gc
0 225
fn=ft_gnl_substr_gc
0 19277
fn=ft_hud_display
0 165
fn=ft_init_therad_pool_mutex_and_cond
0 28
fn=ft_init_thread_pool
0 418
fn=ft_input_clear_just_pressed
0 610
fn=ft_input_init
0 336
fn=ft_itoa_rb
0 610
fn=ft_itoa_rb.constprop.1
0 420
fn=ft_key_down
0 112
fn=ft_key_up
0 112
fn=ft_lstadd_back
0 138415
fn=ft_lstadd_front
0 70
fn=ft_lstclear
0 1476
fn=ft_lstnew
0 1353
fn=ft_lstnew_gc_id
0 2763
fn=ft_ltoa
0 1974
fn=ft_malloc
0 1635
fn=ft_malloc_id
0 14870
fn=ft_malloc_int
0 9
fn=ft_mouse_down
0 136
fn=ft_mouse_up
0 136
fn=ft_mouse_update
0 135
fn=ft_normalize_vectors
0 2877
fn=ft_parse_data
0 58076
fn=ft_parse_line
0 12938
fn=ft_parse_map
0 6893
fn=ft_partition
0 1800390
fn=ft_process_objects_bounds
0 6173
fn=ft_quicksort_objects
0 85085
fn=ft_setup_hooks
0 43
fn=ft_setup_parsing_dict
0 48
fn=ft_setup_ray
0 253528810
fn=ft_setup_tasks
0 275
fn=ft_setup_thread_render_data
0 308000
fn=ft_shoot_ray
0 73728000
fn=ft_shoot_ray_against_objects
0 17844381795
fn=ft_shoot_ray_against_planes
0 32365380
fn=ft_split_gc_id
0 1325
fn=ft_split_r_gc
0 97139
fn=ft_split_r_gc.constprop.0
0 64829
fn=ft_str_replace
0 86716
fn=ft_strchr
0 597979
fn=ft_strcmp
0 11865
fn=ft_strdup_gc_id
0 195
fn=ft_strjoin
0 3360
fn=ft_strjoin_gc
0 480
fn=ft_strjoin_mult
0 6669
fn=ft_strlen
0 25542
fn=ft_substr_gc_id
0 118505
fn=ft_thread_loop
0 169386
fn=ft_thread_render_function
0 728376400
fn=ft_ultoa
0 2167
fn=ft_update_key_state
0 3944
fn=ft_update_time
0 377
fn=ft_v3d_div_safe
0 343340405
fn=get_next_line
0 21
fn=get_next_line_gc
0 7454
fn=main
0 56
fn=mlx_destroy_display
0 3
fn=mlx_destroy_image
0 34
fn=mlx_destroy_window
0 41
fn=mlx_do_key_autorepeatoff
0 3
fn=mlx_do_key_autorepeaton
0 3
fn=mlx_get_data_addr
0 10
fn=mlx_hook
0 40
fn=mlx_init
0 56
fn=mlx_int_anti_resize_win
0 43
fn=mlx_int_deal_shm
0 45
fn=mlx_int_get_good_color
0 240
fn=mlx_int_get_visual
0 23
fn=mlx_int_new_xshm_image
0 111
fn=mlx_int_param_ButtonPress
0 80
fn=mlx_int_param_ButtonRelease
0 80
fn=mlx_int_param_KeyPress
0 266
fn=mlx_int_param_KeyRelease
0 266
fn=mlx_int_rgb_conversion
0 265
fn=mlx_int_set_win_event_mask
0 245
fn=mlx_int_wait_first_expose
0 24
fn=mlx_loop
0 2279
fn=mlx_loop_hook
0 4
fn=mlx_mouse_get_pos
0 125
fn=mlx_new_image
0 18
fn=mlx_new_window
0 198
fn=mlx_put_image_to_window
0 335
fn=mlx_string_put
0 2040
fn=xcb_big_requests_enable
0 21
fn=xcb_big_requests_enable_reply
0 2
fn=xcb_connect
0 4
fn=xcb_connect_to_display_with_auth_info
0 253
fn=xcb_connect_to_fd
0 205
fn=xcb_connection_has_error
0 60
fn=xcb_disconnect
0 120
fn=xcb_generate_id
0 186
fn=xcb_get_extension_data
0 71
fn=xcb_get_file_descriptor
0 18
fn=xcb_get_maximum_request_length
0 34
fn=xcb_get_setup
0 18
fn=xcb_parse_display
0 5
fn=xcb_poll_for_event
0 738
fn=xcb_poll_for_queued_event
0 66
fn=xcb_poll_for_reply64
0 674
fn=xcb_prefetch_maximum_request_length
0 32
fn=xcb_query_extension
0 32
fn=xcb_query_extension_reply
0 2
fn=xcb_send_request
0 12
fn=xcb_send_request64
0 8
fn=xcb_send_request_with_fds64
0 497
fn=xcb_take_socket
0 52
fn=xcb_wait_for_event
0 263
fn=xcb_wait_for_reply
0 88
fn=xcb_wait_for_reply64
0 1710
fn=xcb_writev
0 1254
summary: 20303847175
