C	209 191 -145		-0.45 -0.3 1		95


A	1.0		32 32 32


q		0 50.1 0			0 1 0  500 500		200 200 200 1 0 0 0
q		0 180 0			-0.2 1 0.2  600 600		200 200 200 1 0 0 0
q		0 125 250		0 0 1  250 500		200 200 200 1 0 0 0
q		0 125 -250		0 0 1  250 500		200 200 200 1 0 0 0

q		250 125 0		1 0 0  500 250		255 32 32 0 0 0 0
q		-100 125 0		1 0 0  500 250		32 32 255 0 0 0 0




q		-50 130 0		1 0 0	100	20	64 64 64 0 0 0 0
q		-50 100 0		1 0 0	100 20	64 64 64 0 0 0 0
q		-50 70  0		1 0 0	100	20	64 64 64 0 0 0 0

q		-50 100 -30		1 0 0	20	100	64 64 64 0 0 0 0
q		-50 100 0		1 0 0	20 100	64 64 64 0 0 0 0
q		-50 100 30		1 0 0	20	100	64 64 64 0 0 0 0

q		50 130 0		1 0 0	100	20	64 64 64 0 0 0 0
q		50 100 0		1 0 0	100 20	64 64 64 0 0 0 0
q		50 70  0		1 0 0	100	20	64 64 64 0 0 0 0

q		50 100 -30		1 0 0	20	100	64 64 64 0 0 0 0
q		50 100 0		1 0 0	20 100	64 64 64 0 0 0 0
q		50 100 30		1 0 0	20	100	64 64 64 0 0 0 0





q		0 130 -50		0 0 1	20 100	64 64 64 0 0 0 0
q		0 100 -50		0 0 1	20 100	64 64 64 0 0 0 0
q		0 70  -50		0 0 1	20 100	64 64 64 0 0 0 0

q		-30 100 -50		0 0 1	100	20	64 64 64 0 0 0 0
q		0 100 -50		0 0 1	100 20	64 64 64 0 0 0 0
q		30 100 -50		0 0 1	100	20	64 64 64 0 0 0 0

q		0 130 50		0 0 1	20 100	64 64 64 0 0 0 0
q		0 100 50		0 0 1	20 100	64 64 64 0 0 0 0
q		0 70  50		0 0 1	20 100	64 64 64 0 0 0 0

q		-30 100 50		0 0 1	100	20	64 64 64 0 0 0 0
q		0 100 50		0 0 1	100 20	64 64 64 0 0 0 0
q		30 100 50		0 0 1	100	20	64 64 64 0 0 0 0



q		-30 150	0	0 1 0	100 20	64 64 64 0 0 0 0
q		0 150	0	0 1 0	100 20	64 64 64 0 0 0 0
q		30  150	0	0 1 0	100 20	64 64 64 0 0 0 0

q		0 150	-30	0 1 0	20 100	64 64 64 0 0 0 0
q		0 150	0	0 1 0	20 100	64 64 64 0 0 0 0
q		0 150	30	0 1 0	20 100	64 64 64 0 0 0 0

q		-30 50	0	0 1 0	100 20	64 64 64 0 0 0 0
q		0 50	0	0 1 0	100 20	64 64 64 0 0 0 0
q		30  50	0	0 1 0	100 20	64 64 64 0 0 0 0

q		0 50	-30	0 1 0	20 100	64 64 64 0 0 0 0
q		0 50	0	0 1 0	20 100	64 64 64 0 0 0 0
q		0 50	30	0 1 0	20 100	64 64 64 0 0 0 0




sp 0 100 0		30 		255 255	255		1 0 20 0

q -60 75 249.5	 	0 0 1	40 10	255	0 0			0 0 20 0
q -40 75 249.5	 	0 0 1	40 10	0 255 0			0 0 20 0
q -20 75 249.5	 	0 0 1	40 10	0 0 255			0 0 20 0
q 0 75 249.5	 	0 0 1	40 10	255	0 0			0 0 20 0 
q 20 75 249.5	 	0 0 1	40 10	0 255 0			0 0 20 0
q 40 75 249.5	 	0 0 1	40 10	0 0 255			0 0 20 0
q 60 75 249.5	 	0 0 1	40 10	255	0 0			0 0 20 0
q 80 75 249.5	 	0 0 1	40 10	0 255 0			0 0 20 0
q 100 75 249.5	 	0 0 1	40 10	0 0 255			0 0 20 0
q 120 75 249.5	 	0 0 1	40 10	255	0 0			0 0 20 0
q 140 75 249.5	 	0 0 1	40 10	0 255 0			0 0 20 0
q 160 75 249.5	 	0 0 1	40 10	0 0 255			0 0 20 0

sp -50 70 190	20		255 62 65		0 0 0 0

sp 0 70 190	20		255 138 67		0 0 0 0

sp 50 70 190	20		255 235 127		0 0 0 0

sp 100 70 190	20		0 201 167		0 0 0 0

sp 150 70 190	20		0 126 167		0 0 0 0

cy 200 50 100		0.3 1 0.3		80 800 255 255 255	0 0.1 0 0

sp 240 82 34	10		255 255 255		0 0 8 0

sp 180 80 20 20  200 255 255 0 0 0 1.5