C	0 5 -80		0 0 1		85


A	1.0		0 0 0


q		0 0 0		0 1 0  500 500		220 220 220 1 0 0 0
q		0 250 0		0 1 0  500 500		220 220 220 1 0 0 0
q		0 125 250		0 0 1  250 500		220 220 220 1 0 0 0
q		0 125 -250		0 0 1  250 500		220 220 220 1 0 0 0

q		250 125 0		1 0 0  500 250		255 0 0 1 0 0 0
q		-250 125 0		1 0 0  500 250		0 0 255 1 0 0 0





q		-200 249 0		0 1 0  100 100		255 255 255 0 0 4 0

q		0 249 0		0 1 0  100 100		255 255 255 0 0 4 0

q		200 249 0		0 1 0  100 100		255 255 255 0 0 4 0




cy 0 180 240		0 0 -1		10 20		255 255 255		1 0 0 0
cy 30 180 240		0 0 -1		10 20		255 255 255		1 0 0 0
cy 60 180 240		0 0 -1		10 20		255 255 255		1 0 0 0
cy 90 180 240		0 0 -1		10 20		255 255 255		1 0 0 0
cy 120 180 240		0 0 -1		10 20		255 255 255		1 0 0 0
cy 150 180 240		0 0 -1		10 20		255 255 255		1 0 0 0
cy -30 180 240		0 0 -1		10 20		255 255 255		1 0 0 0
cy -60 180 240		0 0 -1		10 20		255 255 255		1 0 0 0
cy -90 180 240		0 0 -1		10 20		255 255 255		1 0 0 0
cy -120 180 240		0 0 -1		10 20		255 255 255		1 0 0 0
cy -150 180 240		0 0 -1		10 20		255 255 255		1 0 0 0




sp 0 30 100		15 		255 0 0			1 0 4 0
sp -100 30 230	5		0 255 0 		1 0 4 0
sp 100 30 170 	10		0 0 255			1 0 4 0

sp 0 50 220 	50		255 255 255		1 0 0 0


sp 200 30 200		30		255 255 255		0 1 0 0

sp 0 40 30 		30		255 255 255		0 0 0 1.5