C	0 15 -40		0 -0.2 1		85


A	1.0		64 64 64


L	10 10 10		0.5		255 255 255

sp	0.0 50.0 0.0		0.6		255 144 188
sp	-1.63 49.95 1.49		0.63		156 185 115
sp	0.27 49.9 -3.11		0.81		147 233 108
sp	2.33 49.85 3.04		1.05		128 157 180
sp	-4.35 49.8 -0.77		1.07		234 101 210
sp	4.16 49.76 -2.65		1.29		127 238 223
sp	-1.4 49.71 5.22		1.02		133 248 144
sp	-2.69 49.66 -5.18		0.8		226 118 175
sp	5.86 49.61 2.14		0.94		129 197 147
sp	-6.12 49.56 2.52		0.73		198 252 202
sp	2.96 49.51 -6.32		1.43		212 128 148
sp	2.19 49.46 6.98		1.49		205 121 244
sp	-6.61 49.41 -3.83		1.2		183 253 152
sp	7.76 49.36 -1.71		0.69		106 215 153
sp	-4.74 49.32 6.74		1.08		155 242 164
sp	-1.1 49.27 -8.46		1.32		170 173 152
sp	6.73 49.22 5.68		1.43		120 103 218
sp	-9.07 49.17 0.37		0.5		186 251 208
sp	6.62 49.12 -6.59		1.42		236 145 109
sp	-0.44 49.07 9.58		0.98		208 207 251
sp	-6.3 49.02 -7.55		0.9		230 231 129
sp	9.99 48.97 1.34		0.51		189 158 131
sp	-8.46 48.93 5.89		1.15		179 104 175
sp	2.31 48.88 -10.28		1.26		196 149 145
sp	5.35 48.83 9.34		0.77		215 228 160
sp	-10.46 48.78 -3.34		0.66		109 228 153
sp	10.17 48.73 -4.7		1.21		250 108 251
sp	-4.4 48.68 10.52		0.8		105 202 230
sp	-3.93 48.63 -10.93		1.42		226 239 245
sp	10.46 48.58 5.5		1.02		205 116 101
sp	-11.62 48.53 3.06		1.04		206 120 238
sp	6.61 48.49 -10.27		0.8		106 250 241
sp	2.1 48.44 12.23		1.36		134 186 152
sp	-9.96 48.39 -7.71		0.64		106 195 187
sp	12.74 48.34 -1.06		0.91		142 102 176
sp	-8.8 48.29 9.52		0.93		230 192 228
sp	0.06 48.24 -13.14		0.96		239 166 191
sp	8.95 48.19 9.87		0.63		134 106 101
sp	-13.44 48.14 -1.25		0.87		168 188 201
sp	10.89 48.09 -8.26		1.29		236 152 143
sp	-2.48 48.05 13.62		1.03		121 212 108
sp	-7.46 48.0 -11.86		0.95		162 223 242
sp	13.67 47.95 3.75		0.67		252 202 165
sp	-12.76 47.9 6.55		0.98		200 139 229
sp	5.04 47.85 -13.6		0.74		181 121 166
sp	5.53 47.8 13.58		1.18		160 187 199
sp	-13.39 47.75 -6.35		0.91		184 202 176
sp	14.31 47.7 -4.41		1.46		166 162 117
sp	-7.65 47.66 13.06		0.7		216 124 248
sp	-3.21 47.61 -14.94		1.28		193 200 139
sp	12.58 47.56 8.94		1.08		143 254 157
sp	-15.47 47.51 1.93		1.42		155 185 167
sp	10.2 47.46 -11.98		0.66		204 239 159
sp	0.58 47.41 15.87		0.98		245 249 126
sp	-11.25 47.36 -11.41		0.72		115 237 181
sp	16.15 47.31 0.83		0.91		140 126 164
sp	-12.58 47.26 10.39		0.61		216 134 218
sp	2.27 47.22 -16.3		0.94		230 137 117
sp	9.41 47.17 13.67		1.35		251 163 156
sp	-16.3 47.12 -3.75		1.38		197 153 102
sp	14.68 47.07 -8.31		1.03		152 241 155
sp	-5.25 47.02 16.17		1.45		100 105 107
sp	-7.11 46.97 -15.59		0.72		101 215 189
sp	15.9 46.92 6.75		0.56		205 253 227
sp	-16.4 46.87 5.81		1.07		218 107 165
sp	8.23 46.82 -15.48		1.12		171 174 195
sp	4.42 46.78 17.1		0.55		159 229 232
sp	-14.92 46.73 -9.7		0.89		251 242 141
sp	17.68 46.68 -2.95		1.26		122 222 243
sp	-11.12 46.63 14.21		1.45		248 212 128
sp	-1.41 46.58 -18.12		1.2		101 227 110
sp	13.37 46.53 12.49		0.61		138 111 207
sp	-18.42 46.48 -0.18		1.5		236 172 246
sp	13.8 46.43 -12.39		1.04		130 197 132
sp	-1.81 46.38 18.58		0.76		233 255 231
sp	-11.28 46.34 -15.02		1.07		134 155 197
sp	18.59 46.29 3.47		1.42		104 205 205
sp	-16.15 46.24 10.05		0.63		196 118 239
sp	5.15 46.19 -18.44		1.02		228 102 172
sp	8.71 46.14 17.18		1.26		219 151 253
sp	-18.14 46.09 -6.82		1.17		111 173 227
sp	18.09 46.04 -7.26		0.78		128 203 187
sp	-8.48 45.99 17.68		1.02		246 159 189
sp	-5.72 45.95 -18.88		1.28		119 197 224
sp	17.07 45.9 10.11		0.87		214 206 143
sp	-19.53 45.85 4.09		1.01		178 137 223
sp	11.7 45.8 -16.3		0.54		129 247 245
sp	2.4 45.75 20.03		0.74		215 151 213
sp	-15.38 45.7 -13.22		0.68		113 128 233
sp	20.38 45.65 -0.64		0.77		236 130 137
sp	-14.67 45.6 14.32		0.96		139 178 196
sp	1.15 45.55 -20.58		0.75		154 129 237
sp	13.12 45.51 16.04		1.09		109 210 119
sp	-20.61 45.46 -2.98		1.18		183 123 133
sp	17.3 45.41 -11.79		0.87		112 130 250
sp	-4.82 45.36 20.48		0.61		216 225 117
sp	-10.33 45.31 -18.45		0.81		158 237 223
sp	20.18 45.26 6.65		1.18		244 195 163
sp	-19.47 45.21 8.77		0.95		207 127 250
sp	8.47 45.16 -19.71		0.61		177 126 146
sp	7.1 45.11 20.35		0.51		185 130 157
sp	-19.07 45.07 -10.26		0.87		174 152 167
sp	21.09 45.02 -5.34		1.4		252 144 200
sp	-12.0 44.97 18.27		1.06		187 178 190
sp	-3.51 44.92 -21.68		1.01		118 249 171
sp	17.31 44.87 13.68		0.6		151 216 199
sp	-22.1 44.82 1.61		0.9		208 114 250
sp	15.27 44.77 -16.19		1.31		113 249 226
sp	-0.33 44.72 22.35		1.23		128 180 137
sp	-14.92 44.68 -16.78		0.98		173 146 106
sp	22.43 44.63 2.3		1.03		249 136 172
sp	-18.17 44.58 13.51		1.16		235 156 230
sp	4.29 44.53 -22.33		0.76		166 249 174
sp	11.97 44.48 19.45		0.76		180 145 238
sp	-22.06 44.43 -6.28		0.89		244 146 112
sp	20.59 44.38 -10.31		0.65		249 156 174
sp	-8.25 44.33 21.6		0.92		156 186 193
sp	-8.54 44.28 -21.59		1.14		228 119 231
sp	20.96 44.24 10.19		0.83		212 119 189
sp	-22.43 44.19 6.68		1.47		167 181 133
sp	12.08 44.14 -20.15		1.01		133 133 143
sp	4.73 44.09 23.1		1.34		211 172 244
sp	-19.17 44.04 -13.9		0.96		121 162 246
sp	23.61 43.99 -2.71		0.52		190 225 199
sp	-15.64 43.94 18.01		1.23		109 137 228
sp	-0.64 43.89 -23.94		1.47		203 133 168
sp	16.7 43.84 17.28		1.05		126 159 100
sp	-24.08 43.8 -1.47		1.05		137 151 149
sp	18.81 43.75 -15.24		0.57		223 240 233
sp	-3.59 43.7 24.03		1.47		155 148 106
sp	-13.63 43.65 -20.22		0.51		214 187 217
sp	23.8 43.6 5.72		0.9		223 255 114
sp	-21.49 43.55 11.9		1.49		155 196 129
sp	7.83 43.5 -23.37		1.26		206 156 176
sp	10.04 43.45 22.6		0.94		171 106 208
sp	-22.75 43.4 -9.92		1.1		212 214 133
sp	23.56 43.36 -8.09		1.16		155 185 140
sp	-11.95 43.31 21.95		1.18		255 185 187
sp	-6.04 43.26 -24.34		1.06		156 159 242
sp	20.96 43.21 13.91		0.67		250 171 154
sp	-24.94 43.16 3.91		1.22		114 241 126
sp	15.8 43.11 -19.79		1.11		242 224 208
sp	1.73 43.06 25.35		0.9		254 209 167
sp	-18.46 43.01 -17.58		1.3		122 225 184
sp	25.57 42.97 0.5		1.4		176 243 214
sp	-19.25 42.92 16.96		1.26		244 206 131
sp	2.75 42.87 -25.59		1.23		175 116 124
sp	15.31 42.82 20.79		1.31		187 233 162
sp	-25.41 42.77 -5.01		1.25		125 171 119
sp	22.19 42.72 -13.51		0.69		140 246 224
sp	-7.25 42.67 25.03		1.03		193 159 243
sp	-11.59 42.62 -23.43		1.03		211 138 249
sp	24.45 42.57 9.47		0.7		140 133 210
sp	-24.5 42.53 9.56		1.2		107 133 175
sp	11.64 42.48 -23.67		1.33		250 108 180
sp	7.42 42.43 25.39		0.78		193 135 113
sp	-22.69 42.38 -13.75		0.99		200 103 235
sp	26.1 42.33 -5.21		1.09		210 249 146
sp	-15.77 42.28 21.53		1.33		167 253 112
sp	-2.92 42.23 -26.61		1.48		140 113 254
sp	20.18 42.18 17.7		1.36		196 231 159
sp	-26.91 42.13 0.59		0.67		192 193 235
sp	19.5 42.09 -18.67		0.84		217 216 239
sp	-1.78 42.04 27.01		1.12		238 210 103
sp	-16.98 41.99 -21.18		0.9		182 219 150
sp	26.9 41.94 4.16		0.61		154 152 131
sp	-22.71 41.89 15.15		1.25		174 155 119
sp	6.53 41.84 -26.58		1.35		168 197 231
sp	13.18 41.79 24.08		0.91		193 103 249
sp	-26.05 41.74 -8.87		1.13		129 122 124
sp	25.27 41.7 -11.08		0.84		197 247 189
sp	-11.18 41.65 25.31		0.67		107 152 104
sp	-8.88 41.6 -26.28		0.98		228 107 112
sp	24.36 41.55 13.42		0.81		108 139 203
sp	-27.1 41.5 6.58		1.29		142 184 114
sp	15.58 41.45 -23.22		1.33		209 144 144
sp	4.21 41.4 27.72		1.44		127 102 206
sp	-21.88 41.35 -17.64		1.25		152 135 227
sp	28.12 41.3 -1.78		0.54		119 152 137
sp	-19.58 41.26 20.36		0.96		151 227 166
sp	0.69 41.21 -28.31		1.08		228 127 228
sp	18.66 41.16 21.4		1.48		108 231 129
sp	-28.28 41.11 -3.18		0.58		212 115 232
sp	23.06 41.06 -16.8		1.06		106 131 111
sp	-5.67 41.01 28.03		0.83		248 107 213
sp	-14.79 40.96 -24.56		1.09		105 255 235
sp	27.57 40.91 8.14		1.29		229 239 169
sp	-25.88 40.86 12.65		0.52		165 143 108
sp	10.57 40.82 -26.88		1.15		167 120 229
sp	10.39 40.77 27.02		0.6		228 122 173
sp	-25.97 40.72 -12.94		0.98		215 240 192
sp	27.96 40.67 -8.03		0.77		174 245 223
sp	-15.23 40.62 24.86		1.1		166 186 119
sp	-5.58 40.57 -28.69		1.48		144 188 161
sp	23.54 40.52 17.42		0.95		241 218 198
sp	-29.2 40.47 3.06		0.61		196 165 253
sp	19.51 40.43 -22.03		0.84		202 148 201
sp	0.5 40.38 29.49		0.5		143 240 155
sp	-20.33 40.33 -21.45		1.11		233 229 134
sp	29.55 40.28 2.09		0.71		193 229 174
sp	-23.25 40.23 18.46		0.83		228 168 198
sp	4.69 40.18 -29.39		0.99		232 187 139
sp	16.43 40.13 24.89		1.41		192 236 242
sp	-28.99 40.08 -7.27		0.93		155 222 183
sp	26.35 40.03 -14.25		0.83		161 250 152
sp	-9.82 39.99 28.37		1.19		185 195 153
sp	-11.95 39.94 -27.61		0.8		132 155 147
sp	27.52 39.89 12.31		0.91		233 102 202
sp	-28.67 39.84 9.53		1.07		231 193 126
sp	14.74 39.79 -26.45		1.26		160 188 207
sp	7.02 39.74 29.52		0.9		210 129 183
sp	-25.17 39.69 -17.06		1.31		128 246 238
sp	30.15 39.64 -4.43		0.96		245 201 106
sp	-19.28 39.59 23.68		0.94		157 193 254
sp	-1.78 39.55 -30.54		0.63		143 203 136
sp	21.99 39.5 21.36		0.99		103 163 248
sp	-30.71 39.45 -0.9		1.13		214 254 173
sp	23.3 39.4 -20.12		0.79		146 219 129
sp	-3.6 39.35 30.64		1.39		156 223 163
sp	-18.08 39.3 -25.07		0.63		254 214 187
sp	30.33 39.25 6.28		0.85		109 246 246
sp	-26.66 39.2 15.88		0.87		152 220 163
sp	8.95 39.15 -29.78		0.97		120 232 255
sp	13.54 39.11 28.06		1.18		252 232 113
sp	-29.0 39.06 -11.56		0.52		144 214 102
sp	29.25 39.01 -11.08		0.6		240 218 204
sp	-14.11 38.96 27.98		0.71		160 145 192
sp	-8.52 38.91 -30.22		0.54		105 224 109
sp	26.75 38.86 16.56		0.89		173 141 100
sp	-30.97 38.81 5.86		0.68		164 123 211
sp	18.91 38.76 -25.29		1.2		134 140 193
sp	3.15 38.72 31.48		0.92		143 163 113
sp	-23.63 38.67 -21.13		0.61		228 219 184
sp	31.76 38.62 -0.38		1.29		238 192 181
sp	-23.2 38.57 21.77		1.0		148 125 122
sp	2.4 38.52 -31.79		1.09		165 100 227
sp	19.74 38.47 25.11		0.78		228 252 201
sp	-31.57 38.42 -5.19		1.48		251 254 212
sp	26.84 38.37 -17.53		1.46		175 142 233
sp	-7.96 38.32 31.11		0.69		254 165 105
sp	-15.17 38.28 -28.37		0.7		188 183 138
sp	30.4 38.23 10.69		0.94		174 233 232
sp	-29.69 38.18 12.68		1.02		184 192 166
sp	13.35 38.13 -29.46		1.23		191 128 232
sp	10.07 38.08 30.8		0.7		176 186 247
sp	-28.28 38.03 -15.94		0.85		195 155 222
sp	31.67 37.98 -7.36		1.05		248 140 201
sp	-18.41 37.93 26.87		1.1		124 131 191
sp	-4.58 37.88 -32.31		1.03		105 246 234
sp	25.25 37.84 20.76		1.16		120 242 195
sp	-32.7 37.79 1.75		1.45		245 218 248
sp	22.97 37.74 -23.42		1.09		234 180 175
sp	-1.12 37.69 32.84		1.27		250 119 111
sp	-21.39 37.64 -25.01		1.11		237 190 228
sp	32.72 37.59 4.0		0.54		180 178 158
sp	-26.88 37.54 19.19		1.45		228 197 211
sp	6.87 37.49 -32.36		1.14		230 254 126
sp	16.82 37.45 28.55		1.27		107 131 220
sp	-31.74 37.4 -9.71		0.98		245 244 179
sp	30.01 37.35 -14.31		1.03		123 248 210
sp	-12.48 37.3 30.87		0.84		229 194 192
sp	-11.67 37.25 -31.25		0.96		173 224 255
sp	29.76 37.2 15.18		1.35		197 142 147
sp	-32.25 37.15 8.92		1.46		104 210 248
sp	17.79 37.1 -28.41		0.57		161 143 124
sp	6.08 37.05 33.01		1.2		136 200 181
sp	-26.83 37.01 -20.27		0.55		164 183 124
sp	33.53 36.96 -3.19		0.61		126 145 219
sp	-22.61 36.91 25.04		0.73		197 203 252
sp	-0.24 36.86 -33.78		1.35		248 153 136
sp	23.04 36.81 24.79		1.09		107 215 180
sp	-33.78 36.76 -2.72		1.31		108 232 138
sp	26.79 36.71 -20.85		1.08		222 189 128
sp	-5.68 36.66 33.52		1.32		176 217 127
sp	-18.48 36.61 -28.6		0.9		126 244 142
sp	33.0 36.57 8.62		1.39		185 166 189
sp	-30.2 36.52 15.96		1.36		228 119 218
sp	11.5 36.47 -32.21		1.06		156 117 187
sp	13.3 36.42 31.57		1.47		247 141 178
sp	-31.18 36.37 -14.32		1.46		192 203 171
sp	32.71 36.32 -10.52		0.86		118 169 216
sp	-17.04 36.27 29.9		0.8		197 200 200
sp	-7.64 36.22 -33.61		1.29		120 216 157
sp	28.38 36.17 19.65		0.93		221 129 246
sp	-34.25 36.13 4.69		1.2		111 182 126
sp	22.12 36.08 -26.63		1.16		157 224 122
sp	1.68 36.03 34.63		0.82		196 246 157
sp	-24.67 35.98 -24.43		1.35		114 203 132
sp	34.74 35.93 1.36		0.59		196 157 116
sp	-26.57 35.88 22.5		0.89		160 250 230
sp	4.4 35.83 -34.59		0.73		139 236 248
sp	20.15 35.78 28.52		1.01		169 233 222
sp	-34.17 35.74 -7.43		1.37		187 244 152
sp	30.26 35.69 -17.63		1.29		123 186 101
sp	-10.42 35.64 33.49		1.41		106 250 227
sp	-14.96 35.59 -31.78		1.01		215 147 179
sp	32.54 35.54 13.34		1.44		184 174 121
sp	-33.05 35.49 12.16		0.84		220 248 209
sp	16.18 35.44 -31.34		1.13		149 129 228
sp	9.25 35.39 34.09		1.01		253 246 238
sp	-29.88 35.34 -18.91		1.16		159 184 206
sp	34.86 35.3 -6.25		0.75		219 147 157
sp	-21.51 35.25 28.19		1.03		208 140 143
sp	-3.19 35.2 -35.37		1.06		217 120 163
sp	26.28 35.15 23.96		0.59		134 223 172
sp	-35.61 35.1 0.08		1.07		146 214 165
sp	26.24 35.05 -24.15		1.0		125 234 215
sp	-3.04 35.0 35.58		0.73		205 106 115
sp	-21.82 34.95 -28.32		0.84		201 138 168
sp	35.27 34.9 6.15		0.6		126 241 213
sp	-30.2 34.86 19.31		0.62		255 200 192
sp	9.24 34.81 -34.69		1.33		157 130 126
sp	16.64 34.76 31.86		1.4		129 251 242
sp	-33.83 34.71 -12.27		1.1		137 127 145
sp	33.28 34.66 -13.83		0.69		141 106 101
sp	-15.22 34.61 32.72		0.9		114 114 236
sp	-10.89 34.56 -34.45		0.65		103 250 111
sp	31.34 34.51 18.07		1.5		159 188 160
sp	-35.36 34.47 7.86		0.82		210 186 228
sp	20.79 34.42 -29.72		1.45		115 157 217
sp	4.75 34.37 36.0		1.08		153 193 150
sp	-27.86 34.32 -23.37		0.58		248 179 143
sp	36.37 34.27 -1.59		0.84		251 131 182
sp	-25.78 34.22 25.77		1.33		189 229 134
sp	1.6 34.17 -36.47		0.64		159 249 244
sp	23.48 34.12 28.01		0.74		245 105 120
sp	-36.28 34.07 -4.8		0.9		180 149 218
sp	30.03 34.03 -20.99		1.16		179 226 141
sp	-7.97 33.98 35.81		0.56		139 189 242
sp	-18.33 33.93 -31.82		1.26		232 141 177
sp	35.06 33.88 11.1		1.41		166 209 224
sp	-33.39 33.83 15.52		0.75		119 255 148
sp	14.15 33.78 -34.04		1.14		221 207 147
sp	12.57 33.73 34.7		0.96		245 149 183
sp	-32.75 33.68 -17.12		1.35		204 247 163
sp	35.75 33.63 -9.51		0.99		223 219 132
sp	-19.96 33.59 31.2		1.0		189 105 183
sp	-6.37 33.54 -36.53		0.67		118 240 231
sp	29.41 33.49 22.67		0.54		196 145 250
sp	-37.04 33.44 3.15		1.36		186 147 150
sp	25.21 33.39 -27.38		0.58		167 224 148
sp	-0.1 33.34 37.26		1.37		136 164 234
sp	-25.13 33.29 -27.57		1.14		154 112 248
sp	37.2 33.24 3.36		0.61		232 254 166
sp	-29.73 33.19 22.67		1.06		160 241 202
sp	6.62 33.15 -36.85		1.04		209 100 222
sp	20.03 33.1 31.67		1.31		229 163 101
sp	-36.21 33.05 -9.83		0.73		253 245 118
sp	33.38 33.0 -17.23		1.4		103 226 126
sp	-12.99 32.95 35.29		1.29		194 225 123
sp	-14.28 32.9 -34.84		1.13		249 159 241
sp	34.1 32.85 16.06		1.01		200 195 166
sp	-36.03 32.8 11.2		0.84		181 231 254
sp	19.03 32.76 -32.64		0.53		150 131 117
sp	8.03 32.71 36.96		1.04		197 233 115
sp	-30.92 32.66 -21.85		1.31		210 201 155
sp	37.6 32.61 -4.77		1.19		175 249 163
sp	-24.53 32.56 28.95		0.51		231 205 173
sp	-1.47 32.51 -37.96		1.42		246 226 193
sp	26.76 32.46 27.03		0.98		136 217 232
sp	-38.03 32.41 -1.86		1.28		210 210 251
sp	29.32 32.36 -24.34		1.49		208 118 177
sp	-5.19 32.32 37.8		1.13		201 140 217
sp	-21.73 32.27 -31.41		1.42		167 177 175
sp	37.28 32.22 8.49		0.57		105 157 108
sp	-33.26 32.17 18.95		0.82		214 174 165
sp	11.74 32.12 -36.48		0.88		196 143 140
sp	16.0 32.07 34.86		1.32		167 171 252
sp	-35.38 32.02 -14.92		1.14		250 248 238
sp	36.21 31.97 -12.92		0.96		151 192 236
sp	-17.99 31.92 34.02		0.51		111 119 163
sp	-9.72 31.88 -37.27		1.07		245 160 166
sp	32.38 31.83 20.94		1.15		207 249 126
sp	-38.06 31.78 6.44		0.76		230 240 230
sp	23.74 31.73 -30.49		0.72		140 224 104
sp	3.09 31.68 38.56		1.33		215 124 113
sp	-28.36 31.63 -26.37		1.11		228 118 184
sp	38.76 31.58 0.29		1.39		221 185 213
sp	-28.81 31.53 26.0		1.0		168 223 192
sp	3.68 31.49 -38.67		1.08		236 117 194
sp	23.43 31.44 31.03		0.94		119 137 238
sp	-38.27 31.39 -7.06		1.04		142 144 214
sp	33.03 31.34 -20.67		0.72		198 142 138
sp	-10.4 31.29 37.59		1.23		235 154 173
sp	-17.73 31.24 -34.78		0.63		117 171 241
sp	36.61 31.19 13.68		1.4		246 175 220
sp	-36.27 31.14 14.66		0.8		192 186 204
sp	16.86 31.09 -35.34		1.28		220 209 107
sp	11.45 31.05 37.48		1.34		128 116 217
sp	-33.8 31.0 -19.92		1.03		195 156 224
sp	38.42 30.95 -8.15		1.43		172 207 191
sp	-22.85 30.9 31.99		0.98		241 234 176
sp	-4.77 30.85 -39.06		1.38		206 138 109
sp	29.93 30.8 25.61		0.91		110 125 180
sp	-39.4 30.75 1.34		1.21		227 103 228
sp	28.18 30.7 -27.63		1.23		247 204 241
sp	-2.12 30.65 39.44		0.68		181 140 226
sp	-25.11 30.61 -30.54		0.55		216 184 247
sp	39.18 30.56 5.57		1.48		190 147 138
sp	-32.69 30.51 22.38		1.02		116 220 163
sp	8.99 30.46 -38.62		0.94		118 215 136
sp	19.48 30.41 34.58		0.68		138 253 196
sp	-37.76 30.36 -12.36		0.5		144 129 189
sp	36.22 30.31 -16.41		1.41		254 146 220
sp	-15.64 30.26 36.6		1.29		174 150 137
sp	-13.2 30.21 -37.59		1.35		223 205 215
sp	35.16 30.17 18.81		0.77		103 109 146
sp	-38.67 30.12 9.89		0.6		136 120 130
sp	21.86 30.07 -33.44		1.17		234 167 183
sp	6.48 30.02 39.46		1.26		182 190 211
sp	-31.46 29.97 -24.74		1.47		161 116 107
sp	39.95 29.92 -3.01		1.35		214 135 173
sp	-27.45 29.87 29.23		1.48		218 182 143
sp	0.49 29.82 -40.13		0.65		169 175 124
sp	26.77 29.78 29.95		0.83		102 174 125
sp	-40.0 29.73 -4.01		1.31		246 251 126
sp	32.23 29.68 -24.09		0.69		161 128 224
sp	-7.5 29.63 39.57		1.49		223 254 142
sp	-21.22 29.58 -34.28		0.67		142 242 239
sp	38.83 29.53 10.95		0.95		224 139 242
sp	-36.06 29.48 18.17		0.83		223 105 245
sp	14.33 29.43 -37.79		1.26		142 206 243
sp	14.97 29.38 37.58		0.97		229 167 104
sp	-36.46 29.34 -17.61		0.52		199 242 213
sp	38.81 29.29 -11.65		0.66		249 251 217
sp	-20.77 29.24 34.84		0.65		241 157 217
sp	-8.23 29.19 -39.75		1.39		223 217 158
sp	32.95 29.14 23.78		1.15		183 229 198
sp	-40.39 29.09 4.73		1.39		151 180 226
sp	26.61 29.04 -30.8		0.85		149 175 127
sp	1.18 28.99 40.72		1.35		209 189 126
sp	-28.4 28.94 -29.25		0.67		129 211 216
sp	40.73 28.9 2.39		0.92		229 181 105
sp	-31.68 28.85 25.78		1.12		178 231 106
sp	5.95 28.8 -40.44		0.54		229 227 105
sp	22.95 28.75 33.87		1.08		198 116 101
sp	-39.83 28.7 -9.48		0.9		230 145 114
sp	35.8 28.65 -19.93		0.65		255 225 141
sp	-12.95 28.6 38.91		1.06		160 208 238
sp	-16.75 28.55 -37.47		0.95		112 148 149
sp	37.7 28.51 16.32		1.02		232 238 247
sp	-38.85 28.46 13.44		0.93		125 111 254
sp	19.59 28.41 -36.18		1.31		194 163 108
sp	10.0 28.36 39.95		1.04		215 157 150
sp	-34.39 28.31 -22.72		0.67		104 126 224
sp	40.73 28.26 -6.48		0.52		159 134 247
sp	-25.68 28.21 32.32		1.25		252 212 184
sp	-2.9 28.16 -41.21		0.92		212 162 211
sp	30.0 28.11 28.45		0.84		243 127 175
sp	-41.37 28.07 -0.71		0.66		128 250 167
sp	31.01 28.02 -27.44		1.23		189 255 140
sp	-4.33 27.97 41.22		1.41		214 139 203
sp	-24.67 27.92 -33.35		0.77		113 234 133
sp	40.75 27.87 7.93		1.48		180 147 170
sp	-35.43 27.82 21.69		1.39		148 190 155
sp	11.48 27.77 -39.96		1.46		104 243 250
sp	18.54 27.72 37.25		0.55		119 119 124
sp	-38.86 27.67 -14.96		1.04		115 136 103
sp	38.79 27.63 -15.24		1.3		192 111 144
sp	-18.33 27.58 37.47		1.29		234 225 101
sp	-11.8 27.53 -40.04		0.67		115 173 109
sp	35.78 27.48 21.56		1.17		190 135 243
sp	-40.98 27.43 8.27		1.48		216 232 237
sp	24.65 27.38 -33.81		1.3		123 250 217
sp	4.67 27.33 41.61		1.03		220 131 112
sp	-31.57 27.28 -27.55		0.66		149 147 130
sp	41.92 27.23 -1.01		0.67		206 209 199
sp	-30.25 27.19 29.08		1.31		230 181 172
sp	2.66 27.14 -41.91		1.38		235 220 106
sp	26.37 27.09 32.73		1.47		128 246 216
sp	-41.58 27.04 -6.32		1.08		237 133 221
sp	34.96 26.99 -23.44		0.51		154 135 248
sp	-9.95 26.94 40.93		1.49		251 234 163
sp	-20.32 26.89 -36.93		0.58		199 115 239
sp	39.96 26.84 13.51		0.76		161 114 232
sp	-38.62 26.8 17.04		0.91		242 128 148
sp	16.98 26.75 -38.68		0.87		228 106 217
sp	13.62 26.7 40.02		0.71		150 116 222
sp	-37.11 26.65 -20.32		0.59		153 150 127
sp	41.12 26.6 -10.09		0.51		161 208 148
sp	-23.52 26.55 35.24		0.87		157 101 154
sp	-6.46 26.5 -41.9		0.55		220 219 221
sp	33.09 26.45 26.55		1.37		254 193 148
sp	-42.37 26.4 2.78		0.8		105 122 255
sp	29.39 26.36 -30.69		0.52		125 155 172
sp	-0.94 26.31 42.51		1.26		137 109 242
sp	-28.04 26.26 -32.0		0.96		180 112 228
sp	42.32 26.21 4.66		1.11		220 210 192
sp	-34.38 26.16 25.17		1.04		155 191 148
sp	8.35 26.11 -41.81		0.59		131 215 243
sp	22.1 26.06 36.5		0.62		210 146 198
sp	-40.98 26.01 -11.99		1.48		238 128 193
sp	38.35 25.96 -18.85		1.09		190 118 204
sp	-15.55 25.92 39.83		0.56		176 230 133
sp	-15.45 25.87 -39.9		0.74		135 118 148
sp	38.37 25.82 19.0		1.14		198 153 237
sp	-41.16 25.77 11.92		1.12		227 182 182
sp	22.31 25.72 -36.61		1.04		243 203 132
sp	8.29 25.67 42.1		1.05		117 100 150
sp	-34.57 25.62 -25.46		1.29		188 110 147
sp	42.72 25.57 -4.58		0.81		197 183 133
sp	-28.43 25.53 32.26		0.76		199 146 140
sp	-0.83 25.48 -43.01		1.18		139 224 216
sp	29.69 25.43 31.18		1.28		128 190 117
sp	-42.98 25.38 -2.94		1.15		216 120 170
sp	33.7 25.33 -26.88		1.1		147 147 230
sp	-6.7 25.28 42.62		1.35		191 233 207
sp	-23.87 25.23 -35.97		1.03		218 223 100
sp	41.92 25.18 10.41		0.82		180 178 159
sp	-37.97 25.13 20.66		0.55		250 171 175
sp	14.05 25.09 -40.91		1.49		199 213 225
sp	17.28 25.04 39.68		0.75		170 205 139
sp	-39.57 24.99 -17.6		0.79		134 246 210
sp	41.09 24.94 -13.76		0.71		248 251 165
sp	-21.02 24.89 37.93		1.48		199 156 231
sp	-10.13 24.84 -42.19		1.34		165 170 252
sp	35.99 24.79 24.28		0.88		149 232 143
sp	-42.97 24.74 6.41		1.17		214 101 186
sp	27.37 24.69 -33.78		1.45		250 142 113
sp	2.63 24.65 43.42		0.58		131 248 198
sp	-31.29 24.6 -30.26		1.49		120 184 140
sp	43.54 24.55 1.17		1.19		176 133 149
sp	-32.92 24.5 28.56		1.29		185 158 182
sp	4.98 24.45 -43.33		1.49		193 254 205
sp	25.61 24.4 35.34		1.41		195 189 144
sp	-42.78 24.35 -8.76		1.16		134 169 165
sp	37.49 24.3 -22.45		0.96		195 197 254
sp	-12.49 24.26 41.9		1.31		206 154 244
sp	-19.11 24.21 -39.36		0.98		191 193 211
sp	40.7 24.16 16.12		0.87		141 136 108
sp	-40.93 24.11 15.62		0.88		202 148 245
sp	19.64 24.06 -39.18		1.2		121 230 104
sp	11.99 24.01 42.19		1.28		153 201 237
sp	-37.36 23.96 -23.02		0.63		189 187 147
sp	43.13 23.91 -8.27		0.77		217 172 165
sp	-26.23 23.86 35.25		1.24		212 153 221
sp	-4.47 23.82 -43.74		0.69		211 126 179
sp	32.86 23.77 29.25		1.14		175 193 159
sp	-44.01 23.72 0.63		1.29		224 143 162
sp	32.05 23.67 -30.21		0.76		247 121 134
sp	-3.22 23.62 43.95		0.69		205 223 178
sp	-27.33 23.57 -34.61		1.26		134 157 238
sp	43.55 23.52 7.06		1.27		253 170 148
sp	-36.91 23.47 24.23		0.66		121 119 176
sp	10.85 23.42 -42.82		1.45		144 106 126
sp	20.93 23.38 38.93		0.75		248 173 233
sp	-41.76 23.33 -14.57		0.73		232 145 150
sp	40.66 23.28 -17.47		1.25		125 172 253
sp	-18.19 23.23 40.37		1.37		102 178 150
sp	-13.86 23.18 -42.08		0.5		156 105 224
sp	38.67 23.13 21.67		1.35		134 241 216
sp	-43.18 23.08 10.14		0.96		103 255 236
sp	25.0 23.03 -36.67		1.37		226 129 144
sp	6.34 22.98 43.95		1.2		185 160 107
sp	-34.38 22.94 -28.14		0.91		103 180 252
sp	44.39 22.89 -2.47		1.2		128 178 143
sp	-31.07 22.84 31.82		0.86		108 172 145
sp	1.42 22.79 -44.48		0.69		235 228 169
sp	29.02 22.74 33.78		1.31		164 116 174
sp	-44.24 22.69 -5.31		0.59		147 228 255
sp	36.22 22.64 -25.98		1.48		171 201 180
sp	-9.16 22.59 43.65		1.17		242 228 117
sp	-22.74 22.55 -38.4		1.06		239 170 230
sp	42.73 22.5 12.96		0.82		253 159 188
sp	-40.28 22.45 19.32		0.58		154 180 183
sp	16.66 22.4 -41.48		1.33		212 133 155
sp	15.74 22.35 41.87		1.12		211 106 178
sp	-39.91 22.3 -20.25		0.74		254 234 184
sp	43.13 22.25 -12.03		0.67		225 205 243
sp	-23.69 22.2 38.03		1.02		234 206 122
sp	-8.23 22.15 -44.06		1.44		247 119 159
sp	35.85 22.11 26.95		0.57		224 246 149
sp	-44.66 22.06 4.35		1.38		187 109 132
sp	30.01 22.01 -33.39		0.59		240 207 206
sp	0.43 21.96 44.92		1.12		241 194 244
sp	-30.67 21.91 -32.85		1.07		147 174 250
sp	44.83 21.86 3.51		0.74		245 178 155
sp	-35.44 21.81 27.71		1.0		130 129 117
sp	7.42 21.76 -44.4		0.87		100 100 225
sp	24.53 21.71 37.77		0.55		107 154 196
sp	-43.63 21.67 -11.29		1.32		215 129 154
sp	39.81 21.62 -21.16		0.63		135 182 112
sp	-15.07 21.57 42.52		1.18		121 154 166
sp	-17.62 21.52 -41.55		0.77		209 144 123
sp	41.08 21.47 18.75		0.99		193 147 171
sp	-42.98 21.42 13.93		0.7		150 113 248
sp	22.29 21.37 -39.32		1.3		104 167 227
sp	10.13 21.32 44.08		1.26		100 115 210
sp	-37.26 21.28 -25.67		1.46		134 185 186
sp	44.84 21.23 -6.24		0.52		129 212 169
sp	-28.86 21.18 34.91		0.94		135 170 168
sp	-2.3 21.13 -45.26		1.23		244 210 230
sp	32.28 21.08 31.83		1.2		231 231 226
sp	-45.33 21.03 -1.67		1.46		205 101 247
sp	34.57 20.98 -29.41		0.72		190 147 110
sp	-5.63 20.93 45.06		0.63		221 170 103
sp	-26.3 20.88 -37.04		0.86		163 188 171
sp	44.44 20.84 9.55		0.86		194 125 227
sp	-39.24 20.79 22.98		1.4		155 117 168
sp	13.42 20.74 -43.47		0.81		182 114 156
sp	19.48 20.69 41.14		0.54		107 171 121
sp	-42.18 20.64 -17.18		1.17		255 167 152
sp	42.73 20.59 -15.83		0.84		102 186 133
sp	-20.82 20.54 40.55		1.27		203 223 139
sp	-12.04 20.49 -43.99		1.39		239 237 159
sp	38.61 20.44 24.31		1.19		149 243 143
sp	-44.92 20.4 8.16		1.03		140 241 101
sp	27.62 20.35 -36.37		1.13		192 202 223
sp	4.2 20.3 45.5		1.23		154 100 238
sp	-33.85 20.25 -30.73		0.63		127 184 200
sp	45.74 20.2 -0.21		0.6		116 106 132
sp	-33.6 20.15 31.07		1.33		128 150 155
sp	3.79 20.1 -45.62		1.29		176 102 196
sp	28.04 20.05 36.22		1.37		233 184 184
sp	-45.16 20.0 -7.77		1.47		250 219 156
sp	38.57 19.96 -24.78		1.17		213 150 167
sp	-11.7 19.91 44.35		0.8		191 183 241
sp	-21.34 19.86 -40.62		1.49		188 123 241
sp	43.19 19.81 15.55		1.14		206 216 114
sp	-42.37 19.76 17.72		1.11		133 189 179
sp	19.28 19.71 -41.71		0.66		248 219 200
sp	13.96 19.66 43.8		0.92		188 138 155
sp	-39.9 19.61 -22.88		0.71		222 157 181
sp	44.89 19.57 -10.09		0.92		217 199 144
sp	-26.3 19.52 37.78		1.22		218 173 113
sp	-6.13 19.47 -45.64		1.02		233 174 139
sp	35.37 19.42 29.53		1.02		225 164 194
sp	-46.05 19.37 2.12		0.55		246 237 238
sp	32.54 19.32 -32.68		0.99		181 100 217
sp	-1.92 19.27 46.1		0.95		208 161 194
sp	-29.74 19.22 -35.3		0.6		252 226 249
sp	45.79 19.17 5.95		0.75		102 147 228
sp	-37.8 19.13 26.56		1.1		214 212 226
sp	9.94 19.08 -45.14		1.16		107 167 236
sp	23.17 19.03 40.01		0.63		128 187 105
sp	-44.13 18.98 -13.86		0.81		134 154 134
sp	41.92 18.93 -19.6		0.94		133 116 203
sp	-17.68 18.88 42.79		1.31		231 155 124
sp	-15.88 18.83 -43.51		1.19		197 240 174
sp	41.12 18.78 21.37		0.81		254 197 221
sp	-44.77 18.73 12.02		1.4		231 192 116
sp	24.9 18.69 -39.12		1.3		106 228 154
sp	8.07 18.64 45.69		1.02		168 126 205
sp	-36.83 18.59 -28.25		1.35		218 156 215
sp	46.26 18.54 -4.05		0.96		167 202 101
sp	-31.39 18.49 34.25		1.03		213 245 252
sp	0.01 18.44 -46.47		0.53		194 253 121
sp	31.4 18.39 34.29		1.39		211 121 204
sp	-46.33 18.34 -4.08		0.62		246 154 240
sp	36.94 18.3 -28.3		0.99		193 229 174
sp	-8.12 18.25 45.84		1.19		213 138 113
sp	-24.99 18.2 -39.3		0.63		183 148 241
sp	44.99 18.15 12.11		0.59		218 210 238
sp	-41.37 18.1 21.47		1.2		231 222 205
sp	16.01 18.05 -43.79		1.49		127 127 239
sp	17.79 18.0 43.12		0.54		192 102 195
sp	-42.26 17.95 -19.79		1.13		184 232 173
sp	44.55 17.9 -13.96		1.5		124 132 240
sp	-23.43 17.86 40.4		0.95		122 196 250
sp	-10.02 17.81 -45.63		0.95		237 133 214
sp	38.23 17.76 26.89		0.8		230 175 232
sp	-46.37 17.71 6.0		1.23		153 108 168
sp	30.16 17.66 -35.76		0.92		123 219 143
sp	1.92 17.61 46.76		0.91		132 109 130
sp	-33.01 17.56 -33.19		1.45		125 220 205
sp	46.78 17.51 2.18		1.21		173 227 103
sp	-35.98 17.46 30.01		1.36		211 195 197
sp	6.26 17.42 -46.45		0.83		186 153 190
sp	26.77 17.37 38.49		1.02		140 173 222
sp	-45.76 17.32 -10.31		1.3		136 188 192
sp	40.72 17.27 -23.32		0.92		120 132 116
sp	-14.28 17.22 44.72		1.16		108 132 196
sp	-19.68 17.17 -42.63		1.2		197 143 142
sp	43.33 17.12 18.15		0.96		185 155 204
sp	-44.23 17.07 15.89		0.66		159 169 246
sp	21.88 17.02 -41.61		1.04		112 249 117
sp	11.98 16.98 45.48		1.04		130 126 147
sp	-39.57 16.93 -25.46		1.26		179 220 178
sp	46.39 16.88 -7.96		1.21		164 171 192
sp	-28.84 16.83 37.22		1.0		249 117 210
sp	-3.88 16.78 -46.94		1.43		202 251 148
sp	34.58 16.73 32.01		0.87		100 229 200
sp	-47.13 16.68 -0.24		1.29		145 144 111
sp	34.93 16.63 -31.67		1.47		142 143 173
sp	-4.37 16.59 46.97		0.99		237 153 119
sp	-28.52 16.54 -37.59		0.62		147 229 237
sp	46.44 16.49 8.46		1.32		123 124 123
sp	-39.97 16.44 25.14		0.82		129 147 178
sp	12.5 16.39 -45.55		0.83		219 129 125
sp	21.56 16.34 42.05		1.26		204 112 238
sp	-44.32 16.29 -16.44		1.22		240 227 143
sp	43.8 16.24 -17.82		0.92		100 152 184
sp	-20.27 16.19 42.74		0.98		129 173 183
sp	-13.93 16.15 -45.22		1.24		201 234 175
sp	40.83 16.1 23.95		0.87		153 226 159
sp	-46.3 16.05 9.93		1.09		197 205 103
sp	27.44 16.0 -38.61		0.53		208 158 220
sp	5.85 15.95 47.03		1.25		178 148 132
sp	-36.09 15.9 -30.74		0.67		221 168 246
sp	47.39 15.85 -1.72		0.99		250 117 151
sp	-33.8 15.8 33.29		0.84		101 112 222
sp	2.44 15.75 -47.39		1.4		190 252 129
sp	30.23 15.71 36.6		1.08		110 200 212
sp	-47.03 15.66 -6.57		0.58		254 195 235
sp	39.13 15.61 -26.93		1.32		154 104 222
sp	-10.67 15.56 46.3		0.65		228 253 106
sp	-23.42 15.51 -41.36		0.61		179 138 111
sp	45.22 15.46 14.69		1.23		158 168 207
sp	-43.28 15.41 19.73		1.42		176 109 206
sp	18.59 15.36 -43.8		0.55		183 176 187
sp	15.88 15.32 44.87		1.1		231 249 147
sp	-42.03 15.27 -22.37		0.92		229 251 208
sp	46.12 15.22 -11.9		1.04		189 136 242
sp	-25.97 15.17 39.94		0.66		247 237 237
sp	-7.83 15.12 -47.01		0.88		220 177 124
sp	37.54 15.07 29.39		1.19		190 189 129
sp	-47.55 15.02 3.69		0.66		121 167 210
sp	32.58 14.97 -34.85		0.83		225 161 136
sp	-0.48 14.92 47.72		0.72		138 214 154
sp	-31.89 14.88 -35.52		1.39		215 150 219
sp	47.52 14.83 4.65		0.75		101 118 242
sp	-38.2 14.78 28.68		0.8		222 110 149
sp	8.79 14.73 -46.97		1.01		220 177 221
sp	25.25 14.68 40.58		1.45		234 118 251
sp	-46.05 14.63 -12.87		1.24		124 106 223
sp	42.66 14.58 -21.62		1.25		181 205 184
sp	-16.86 14.53 44.77		1.46		231 103 119
sp	-17.82 14.48 -44.42		0.56		182 239 159
sp	43.15 14.44 20.72		1.45		157 135 113
sp	-45.83 14.39 13.87		1.16		242 155 150
sp	24.43 14.34 -41.2		1.07		218 121 197
sp	9.82 14.29 46.9		1.16		221 174 132
sp	-38.93 14.24 -27.96		0.63		178 123 162
sp	47.61 14.19 -5.68		1.27		222 215 231
sp	-31.27 14.14 36.36		1.12		188 186 148
sp	-1.5 14.09 -47.95		1.49		215 170 162
sp	33.51 14.04 34.35		1.22		194 197 221
sp	-47.93 14.0 -2.7		1.2		229 179 248
sp	37.17 13.95 -30.39		1.37		115 231 193
sp	-6.88 13.9 47.53		0.87		147 143 217
sp	-27.04 13.85 -39.71		0.56		212 168 148
sp	46.78 13.8 11.02		1.37		104 248 252
sp	-41.95 13.75 23.48		0.97		253 223 115
sp	15.07 13.7 -45.66		1.23		225 203 159
sp	19.74 13.65 43.86		1.25		203 198 197
sp	-44.19 13.61 -19.02		1.25		192 200 209
sp	45.45 13.56 -15.83		0.52		172 238 179
sp	-22.82 13.51 42.39		1.37		157 123 244
sp	-11.81 13.46 -46.68		1.18		155 102 183
sp	40.25 13.41 26.46		0.8		112 224 182
sp	-47.57 13.36 7.68		0.57		101 208 210
sp	29.89 13.31 -37.81		1.18		143 215 232
sp	3.5 13.26 48.08		0.64		176 143 179
sp	-35.07 13.21 -33.1		0.96		150 127 188
sp	48.23 13.17 0.72		0.62		122 164 217
sp	-36.06 13.12 32.06		0.83		209 182 145
sp	4.94 13.07 -48.01		0.58		230 214 236
sp	28.8 13.02 38.74		1.01		127 149 187
sp	-47.42 12.97 -9.12		0.98		247 164 157
sp	41.14 12.92 -25.31		0.77		137 185 176
sp	-13.24 12.87 46.47		0.75		171 169 165
sp	-21.63 12.82 -43.22		1.09		157 201 251
sp	45.16 12.77 17.26		0.9		131 134 104
sp	-44.97 12.73 17.78		0.98		217 194 209
sp	21.15 12.68 -43.5		0.78		102 239 163
sp	13.79 12.63 46.37		0.64		112 167 150
sp	-41.5 12.58 -24.89		1.48		114 120 185
sp	47.43 12.53 -9.69		0.58		242 153 225
sp	-28.43 12.48 39.19		1.18		195 218 127
sp	-5.51 12.43 -48.12		0.63		230 131 119
sp	36.57 12.38 31.77		0.91		114 127 130
sp	-48.44 12.34 1.28		0.58		114 241 124
sp	34.86 12.29 -33.67		0.51		242 143 236
sp	-2.96 12.24 48.39		1.26		199 167 184
sp	-30.51 12.19 -37.69		0.51		134 140 186
sp	47.97 12.14 7.18		1.29		206 166 145
sp	-40.23 12.09 27.11		1.5		121 166 255
sp	11.36 12.04 -47.18		1.38		217 254 179
sp	23.5 11.99 42.47		1.29		110 210 183
sp	-46.03 11.94 -15.44		1.29		238 170 168
sp	44.39 11.9 -19.71		1.47		151 225 131
sp	-19.42 11.85 44.53		1.2		162 206 132
sp	-15.76 11.8 -45.96		1.49		135 148 163
sp	42.68 11.75 23.25		1.32		242 148 113
sp	-47.19 11.7 11.69		0.73		236 104 119
sp	26.9 11.65 -40.5		1.01		181 115 226
sp	7.52 11.6 48.05		0.86		237 189 239
sp	-38.01 11.55 -30.36		1.04		239 143 132
sp	48.55 11.5 -3.29		0.78		248 129 117
sp	-33.58 11.46 35.23		1.09		117 139 252
sp	0.96 11.41 -48.67		0.53		124 161 205
sp	32.17 11.36 36.55		1.49		179 195 174
sp	-48.42 11.31 -5.22		1.4		202 129 204
sp	39.24 11.26 -28.87		1.35		119 186 161
sp	-9.43 11.21 47.8		0.93		115 142 232
sp	-25.34 11.16 -41.63		1.37		232 225 210
sp	46.82 11.11 13.58		0.87		213 101 213
sp	-43.71 11.06 21.61		1.27		152 209 139
sp	17.63 11.02 -45.47		1.14		229 213 225
sp	17.72 10.97 45.45		1.33		183 171 172
sp	-43.78 10.92 -21.55		1.26		160 218 154
sp	46.85 10.87 -13.68		0.98		145 198 237
sp	-25.31 10.82 41.74		0.66		142 238 199
sp	-9.54 10.77 -47.89		1.21		136 159 237
sp	39.39 10.72 28.87		0.81		226 247 192
sp	-48.56 10.67 5.32		0.75		236 242 246
sp	32.22 10.63 -36.73		1.49		159 191 124
sp	1.05 10.58 48.86		1.23		195 173 179
sp	-33.79 10.53 -35.32		1.12		131 214 136
sp	48.78 10.48 3.22		0.91		100 189 200
sp	-38.16 10.43 30.58		1.01		148 224 223
sp	7.48 10.38 -48.34		1.07		174 140 251
sp	27.14 10.33 40.7		1.21		220 149 245
sp	-47.52 10.28 -11.68		0.61		139 135 147
sp	42.94 10.23 -23.49		0.92		186 192 254
sp	-15.8 10.19 46.33		1.28		255 242 170
sp	-19.65 10.14 -44.84		1.24		224 248 114
sp	44.79 10.09 19.8		0.95		167 127 141
sp	-46.41 10.04 15.66		0.94		214 214 139
sp	23.65 9.99 -42.91		1.22		183 247 238
sp	11.55 9.94 47.62		0.98		177 117 128
sp	-40.69 9.89 -27.32		1.18		235 247 170
sp	48.47 9.84 -7.35		1.28		113 113 245
sp	-30.78 9.79 38.16		1.04		232 144 176
sp	-3.08 9.75 -48.94		0.99		190 158 231
sp	35.34 9.7 34.02		0.52		239 226 199
sp	-49.05 9.65 -1.21		0.88		254 112 219
sp	36.99 9.6 -32.24		0.76		246 119 152
sp	-5.5 9.55 48.77		0.67		183 148 189
sp	-28.9 9.5 -39.68		1.25		106 114 172
sp	48.12 9.45 9.74		0.89		185 185 116
sp	-42.07 9.4 25.33		0.85		222 243 203
sp	13.92 9.36 -47.1		0.83		141 117 194
sp	21.56 9.31 44.14		0.6		113 184 200
sp	-45.72 9.26 -17.99		0.77		235 131 191
sp	45.88 9.21 -17.63		0.57		148 252 189
sp	-21.93 9.16 43.99		1.11		230 235 208
sp	-13.55 9.11 -47.26		0.88		234 133 145
sp	41.92 9.06 25.7		1.08		142 220 209
sp	-48.28 9.01 9.37		1.32		183 169 245
sp	29.27 8.96 -39.53		1.42		175 132 120
sp	5.12 8.92 48.93		0.61		191 200 205
sp	-36.83 8.87 -32.63		0.97		197 180 184
sp	49.21 8.82 -0.82		1.1		242 211 195
sp	-35.74 8.77 33.85		0.51		224 108 122
sp	3.49 8.72 -49.11		1.36		251 104 146
sp	30.61 8.67 38.57		1.41		157 134 242
sp	-48.63 8.62 -7.77		1.31		155 241 163
sp	41.12 8.57 -27.13		0.87		137 136 225
sp	-12.0 8.52 47.79		0.63		236 149 159
sp	-23.44 8.48 -43.35		1.26		203 143 168
sp	46.57 8.43 16.13		1.4		212 248 203
sp	-45.24 8.38 19.56		0.97		139 251 202
sp	20.15 8.33 -45.0		0.54		213 245 217
sp	15.54 8.28 46.8		1.5		162 187 243
sp	-43.08 8.23 -24.01		1.12		100 129 155
sp	47.99 8.18 -11.39		1.28		240 117 121
sp	-27.7 8.13 40.83		1.22		149 114 242
sp	-7.16 8.09 -48.82		0.85		200 120 233
sp	38.26 8.04 31.17		1.2		122 114 223
sp	-49.27 7.99 2.86		1.12		111 196 156
sp	34.41 7.94 -35.4		1.46		156 248 108
sp	-1.46 7.89 49.35		1.32		130 147 115
sp	-32.27 7.84 -37.38		0.76		160 252 101
sp	49.05 7.79 5.77		0.66		115 101 140
sp	-40.07 7.74 28.88		1.0		163 160 250
sp	10.04 7.69 -48.37		1.42		241 241 141
sp	25.28 7.65 42.46		1.23		174 133 177
sp	-47.33 7.6 -14.23		0.66		170 132 132
sp	44.52 7.55 -21.48		0.53		114 168 185
sp	-18.32 7.5 45.91		0.71		159 137 118
sp	-17.51 7.45 -46.24		0.6		233 165 126
sp	44.15 7.4 22.27		1.42		184 106 131
sp	-47.61 7.35 13.4		0.62		248 198 103
sp	26.05 7.3 -42.05		1.23		233 171 226
sp	9.19 7.25 48.61		1.45		154 173 140
sp	-39.62 7.21 -29.64		0.77		248 205 247
sp	49.24 7.16 -4.91		1.45		210 152 133
sp	-33.0 7.11 36.89		0.97		156 196 106
sp	-0.58 7.06 -49.5		1.1		151 207 208
sp	33.87 7.01 36.11		1.11		124 226 161
sp	-49.37 6.96 -3.75		0.52		208 199 188
sp	38.94 6.91 -30.59		1.44		253 226 118
sp	-8.05 6.86 48.87		1.26		100 198 224
sp	-27.08 6.81 -41.48		1.0		249 154 160
sp	47.99 6.77 12.3		0.61		111 205 242
sp	-43.7 6.72 23.35		0.94		222 132 253
sp	16.45 6.67 -46.74		1.17		248 174 109
sp	19.45 6.62 45.58		0.74		154 211 245
sp	-45.14 6.57 -20.48		0.98		252 222 150
sp	47.12 6.52 -15.39		0.98		159 122 165
sp	-24.35 6.47 43.19		0.99		120 101 144
sp	-11.22 6.42 -48.3		0.65		207 161 179
sp	40.9 6.38 28.04		0.75		213 216 128
sp	-49.11 6.33 6.95		0.81		111 189 113
sp	31.52 6.28 -38.3		0.8		204 222 158
sp	2.63 6.23 49.54		0.92		186 232 192
sp	-35.41 6.18 -34.75		0.86		104 223 254
sp	49.59 6.13 1.71		0.87		222 156 135
sp	-37.73 6.08 32.24		1.5		108 198 107
sp	6.04 6.03 -49.27		1.09		171 108 255
sp	28.83 5.98 40.41		1.12		150 239 101
sp	-48.56 5.94 -10.32		1.43		248 148 213
sp	42.79 5.89 -25.19		1.27		120 122 159
sp	-14.53 5.84 47.48		1.04		137 184 248
sp	-21.36 5.79 -44.84		1.06		154 167 244
sp	46.04 5.74 18.63		1.12		128 241 217
sp	-46.54 5.69 17.36		0.58		101 245 201
sp	22.59 5.64 -44.25		1.32		173 191 207
sp	13.23 5.59 47.89		0.7		159 179 225
sp	-42.11 5.54 -26.38		1.13		220 241 216
sp	48.88 5.5 -8.99		1.23		182 102 150
sp	-29.97 5.45 39.65		1.48		213 130 194
sp	-4.69 5.4 -49.49		1.19		211 104 235
sp	36.89 5.35 33.33		1.17		144 183 207
sp	-49.72 5.3 0.34		1.07		223 225 222
sp	36.43 5.25 -33.84		1.36		142 174 202
sp	-4.01 5.2 49.57		1.01		145 137 105
sp	-30.53 5.15 -39.26		1.48		224 103 211
sp	49.04 5.11 8.32		0.59		133 189 195
sp	-41.79 5.06 26.99		1.43		241 153 104
sp	12.58 5.01 -48.13		1.45		206 162 217
sp	23.24 4.96 43.99		1.21		173 166 189
sp	-46.86 4.91 -16.75		1.39		122 129 170
sp	45.87 4.86 -19.3		0.69		109 126 137
sp	-20.78 4.81 45.22		1.25		191 191 177
sp	-15.22 4.76 -47.39		1.21		219 219 117
sp	43.24 4.71 24.66		1.16		180 124 222
sp	-48.55 4.67 11.02		0.67		161 208 114
sp	28.35 4.62 -40.93		1.46		180 187 108
sp	6.74 4.57 49.33		0.58		192 141 238
sp	-38.3 4.52 -31.83		0.52		245 231 186
sp	49.74 4.47 -2.4		0.89		175 210 185
sp	-35.06 4.42 35.37		0.79		133 156 184
sp	1.96 4.37 -49.77		0.98		122 155 140
sp	32.18 4.32 38.02		0.93		252 207 251
sp	-49.42 4.27 -6.3		0.69		239 172 179
sp	40.7 4.23 -28.74		0.64		137 139 158
sp	-10.6 4.18 48.68		1.37		147 234 203
sp	-25.07 4.13 -43.06		0.56		237 159 100
sp	47.58 4.08 14.82		0.88		235 173 117
sp	-45.1 4.03 21.21		1.42		249 211 172
sp	18.92 3.98 -46.11		0.52		250 225 193
sp	17.19 3.93 46.79		1.42		194 120 150
sp	-44.28 3.88 -22.89		1.47		186 131 248
sp	48.12 3.83 -13.04		0.98		205 213 114
sp	-26.67 3.79 42.12		0.87		170 213 146
sp	-8.78 3.74 -49.08		1.45		157 247 166
sp	39.63 3.69 30.26		1.32		121 199 228
sp	-49.67 3.64 4.46		1.13		152 226 170
sp	33.61 3.59 -36.84		0.73		230 176 158
sp	0.1 3.54 49.87		1.46		152 217 102
sp	-33.77 3.49 -36.71		0.69		154 109 137
sp	49.7 3.44 4.26		1.44		246 158 134
sp	-39.53 3.4 30.43		1.48		186 188 101
sp	8.59 3.35 -49.14		1.41		157 127 192
sp	26.86 3.3 42.04		1.27		155 135 230
sp	-48.21 3.25 -12.85		0.67		139 246 245
sp	44.23 3.2 -23.09		0.96		254 223 229
sp	-17.02 3.15 46.91		0.88		164 171 133
sp	-19.13 3.1 -46.09		0.73		227 212 141
sp	45.25 3.05 21.06		1.16		194 199 136
sp	-47.59 3.0 15.03		1.11		106 103 163
sp	24.94 2.96 -43.24		1.07		250 204 211
sp	10.82 2.91 48.73		1.11		149 246 239
sp	-40.89 2.86 -28.63		1.45		252 125 221
sp	49.49 2.81 -6.52		1.41		148 156 236
sp	-32.1 2.76 38.24		0.54		133 125 229
sp	-2.16 2.71 -49.88		1.31		207 223 255
sp	35.29 2.66 35.32		0.88		178 234 212
sp	-49.88 2.61 -2.21		1.45		195 238 151
sp	38.27 2.56 -32.07		0.69		146 117 254
sp	-6.56 2.52 49.5		1.23		184 244 139
sp	-28.61 2.47 -40.93		1.08		201 202 125
sp	48.75 2.42 10.86		1.33		149 177 106
sp	-43.28 2.37 24.92		1.12		127 249 233
sp	15.08 2.32 -47.61		0.89		255 208 104
sp	21.04 2.27 45.3		0.8		172 201 152
sp	-46.12 2.22 -19.19		0.51		212 208 188
sp	46.97 2.17 -17.0		0.6		246 229 255
sp	-23.15 2.13 44.27		1.05		187 196 121
sp	-12.83 2.08 -48.28		0.96		213 159 206
sp	42.08 2.03 26.93		0.8		192 242 185
sp	-49.22 1.98 8.56		1.1		226 226 128
sp	30.51 1.93 -39.56		0.88		172 169 151
sp	4.23 1.88 49.79		1.34		216 147 207
sp	-36.75 1.83 -33.86		1.16		147 103 235
sp	49.97 1.78 0.14		1.03		118 170 196
sp	-36.94 1.73 33.65		1.14		145 135 188
sp	4.51 1.69 -49.77		1.01		116 144 157
sp	30.29 1.64 39.75		0.91		229 136 113
sp	-49.19 1.59 -8.84		1.17		249 214 218
sp	42.24 1.54 -26.7		0.93		186 193 218
sp	-13.11 1.49 48.23		1.23		173 167 217
sp	-22.91 1.44 -44.42		1.1		191 134 121
sp	46.9 1.39 17.28		0.95		176 172 156
sp	-46.25 1.34 18.94		0.9		255 164 246
sp	21.31 1.29 -45.21		0.5		162 228 195
sp	14.82 1.25 47.74		0.55		180 107 232
sp	-43.18 1.2 -25.19		1.19		147 201 252
sp	48.85 1.15 -10.59		1.42		189 176 116
sp	-28.87 1.1 40.81		1.08		116 138 119
sp	-6.28 1.05 -49.59		0.94		177 146 180
sp	38.13 1.0 32.32		0.61		212 158 205
sp	-49.95 0.95 1.92		1.34		149 254 227
sp	35.54 0.9 -35.16		0.64		136 172 226
sp	-2.45 0.85 49.93		0.58		166 192 232
sp	-31.92 0.81 -38.48		1.15		140 174 197
sp	49.53 0.76 6.81		0.72		255 115 239
sp	-41.12 0.71 28.44		1.46		216 214 235
sp	11.11 0.66 -48.75		0.78		159 183 166
sp	24.73 0.61 43.45		1.07		237 140 199
sp	-47.59 0.56 -15.33		0.54		183 215 209
sp	45.45 0.51 -20.84		0.94		245 105 144
sp	-19.43 0.46 46.07		0.72		240 151 107
sp	-16.79 0.42 -47.1		1.01		132 233 202
sp	44.19 0.37 23.39		1.17		176 125 165
sp	-48.38 0.32 12.61		0.57		166 117 216
sp	27.16 0.27 -41.98		1.49		122 226 170
sp	8.33 0.22 49.3		1.32		233 218 147
sp	-39.44 0.17 -30.73		1.07		175 111 221
sp	49.84 0.12 -3.99		1.09		142 137 105
sp	-34.06 0.07 36.61		1.27		181 100 142
sp	0.39 0.02 -50.0		0.83		168 130 174
sp	33.49 -0.02 37.13		0.84		128 182 238
sp	-49.77 -0.07 -4.76		1.0		154 140 137
sp	39.91 -0.12 -30.11		0.82		165 221 209
sp	-9.09 -0.17 49.17		0.73		174 203 240
sp	-26.51 -0.22 -42.39		0.62		115 252 116
sp	48.18 -0.27 13.35		1.22		175 149 159
sp	-44.55 -0.32 22.7		0.65		190 174 189
sp	17.51 -0.37 -46.83		1.02		138 203 241
sp	18.72 -0.42 46.36		1.48		233 155 106
sp	-45.12 -0.46 -21.54		1.34		225 127 251
sp	47.82 -0.51 -14.59		0.88		163 142 154
sp	-25.4 -0.56 43.06		0.63		193 128 118
sp	-10.36 -0.61 -48.91		1.4		215 128 186
sp	40.68 -0.66 29.07		0.7		109 148 192
sp	-49.63 -0.71 6.04		1.36		176 215 188
sp	32.51 -0.76 -37.98		0.72		252 167 169
sp	1.68 -0.81 49.97		0.91		242 140 209
sp	-34.99 -0.85 -35.71		0.72		142 241 238
sp	49.92 -0.9 2.69		1.43		239 186 216
sp	-38.63 -0.95 31.73		0.87		214 166 222
sp	7.05 -1.0 -49.49		0.78		115 252 231
sp	28.23 -1.05 41.25		1.16		177 128 137
sp	-48.68 -1.1 -11.35		0.59		247 233 187
sp	43.56 -1.15 -24.52		0.67		152 204 123
sp	-15.56 -1.2 47.5		1.35		219 185 149
sp	-20.61 -1.25 -45.54		0.59		205 193 103
sp	45.96 -1.29 19.65		0.88		235 100 118
sp	-47.16 -1.34 16.55		0.73		142 119 209
sp	23.59 -1.39 -44.06		0.9		160 156 103
sp	12.37 -1.44 48.43		0.68		194 253 116
sp	-41.83 -1.49 -27.35		0.63		195 149 105
sp	49.32 -1.54 -8.08		1.26		152 212 217
sp	-30.9 -1.59 39.27		1.05		186 151 229
sp	-3.74 -1.64 -49.83		1.47		203 179 193
sp	36.42 -1.69 34.22		1.04		105 101 230
sp	-49.97 -1.73 -0.63		0.68		162 199 166
sp	37.27 -1.78 -33.29		1.29		226 197 162
sp	-5.0 -1.83 49.72		1.1		210 176 101
sp	-29.9 -1.88 -40.03		0.84		174 193 124
sp	49.09 -1.93 9.32		0.6		190 100 232
sp	-42.49 -1.98 26.28		1.35		140 218 149
sp	13.58 -2.03 -48.08		1.13		121 247 114
sp	22.46 -2.08 44.62		1.1		104 216 252
sp	-46.7 -2.13 -17.73		0.9		243 164 169
sp	46.41 -2.17 -18.48		1.25		199 169 244
sp	-21.74 -2.22 44.97		1.46		118 204 173
sp	-14.35 -2.27 -47.84		0.93		173 213 255
sp	42.89 -2.32 25.59		0.82		205 167 230
sp	-48.91 -2.37 10.11		1.4		114 101 155
sp	29.24 -2.42 -40.49		0.61		200 208 196
sp	5.79 -2.47 49.6		0.66		218 240 126
sp	-37.78 -2.52 -32.66		0.6		111 249 100
sp	49.91 -2.56 -1.43		1.36		139 173 122
sp	-35.83 -2.61 34.77		0.77		112 195 222
sp	2.93 -2.66 -49.84		0.63		121 181 172
sp	31.5 -2.71 38.73		1.34		110 125 229
sp	-49.39 -2.76 -7.28		1.05		116 243 106
sp	41.33 -2.81 -27.99		1.47		100 188 210
sp	-11.57 -2.86 48.56		1.28		233 118 242
sp	-24.27 -2.91 -43.62		0.75		241 146 186
sp	47.36 -2.96 15.77		1.22		100 220 116
sp	-45.57 -3.0 20.36		0.52		159 134 170
sp	19.85 -3.05 -45.79		1.12		220 156 151
sp	16.3 -3.1 47.17		0.97		167 210 139
sp	-43.88 -3.15 -23.77		1.15		157 136 108
sp	48.41 -3.2 -12.11		1.04		116 159 146
sp	-27.51 -3.25 41.62		0.91		175 170 197
sp	-7.83 -3.3 -49.27		0.73		178 200 141
sp	39.05 -3.35 31.04		0.71		139 254 132
sp	-49.76 -3.4 3.49		1.4		246 244 189
sp	34.33 -3.44 -36.19		1.27		199 171 151
sp	-0.87 -3.49 49.87		1.5		139 197 105
sp	-33.04 -3.54 -37.36		1.3		132 223 145
sp	49.6 -3.59 5.23		0.86		161 132 238
sp	-40.1 -3.64 29.64		0.78		219 107 233
sp	9.54 -3.69 -48.94		1.32		197 247 222
sp	26.02 -3.74 42.53		0.99		247 182 197
sp	-47.91 -3.79 -13.78		0.87		186 168 131
sp	44.64 -3.83 -22.2		1.01		137 153 147
sp	-17.92 -3.88 46.52		1.03		225 241 135
sp	-18.21 -3.93 -46.4		1.04		162 249 140
sp	44.77 -3.98 21.91		1.0		185 235 138
sp	-47.81 -4.03 14.08		0.68		127 172 122
sp	25.74 -4.08 -42.67		1.44		211 139 249
sp	9.85 -4.13 48.85		0.84		105 222 160
sp	-40.25 -4.18 -29.36		1.23		208 106 101
sp	49.51 -4.23 -5.54		0.83		106 101 235
sp	-32.77 -4.27 37.53		0.92		155 118 253
sp	-1.19 -4.32 -49.8		0.85		170 221 115
sp	34.51 -4.37 35.91		1.45		141 244 188
sp	-49.7 -4.42 -3.17		0.72		149 144 241
sp	38.79 -4.47 -31.23		0.56		117 172 237
sp	-7.5 -4.52 49.23		1.0		155 194 137
sp	-27.72 -4.57 -41.36		0.67		154 222 224
sp	48.37 -4.62 11.77		0.89		239 145 111
sp	-43.62 -4.67 23.99		0.68		236 136 137
sp	15.96 -4.71 -47.15		1.46		207 206 203
sp	20.08 -4.76 45.54		1.06		128 161 243
sp	-45.57 -4.81 -20.01		1.35		171 250 139
sp	47.11 -4.86 -16.02		1.38		142 166 130
sp	-23.92 -4.91 43.63		0.56		145 202 190
sp	-11.84 -4.96 -48.32		1.05		150 129 255
sp	41.37 -5.01 27.63		1.26		242 119 134
sp	-49.16 -5.06 7.57		0.65		214 121 237
sp	31.14 -5.11 -38.79		0.94		118 118 215
sp	3.24 -5.15 49.63		0.89		244 107 132
sp	-35.91 -5.2 -34.4		0.99		224 127 131
sp	49.71 -5.25 1.11		1.28		162 155 238
sp	-37.4 -5.3 32.76		0.52		248 104 131
sp	5.45 -5.35 -49.41		0.52		196 243 171
sp	29.35 -5.4 40.11		0.5		255 185 226
sp	-48.74 -5.45 -9.75		0.75		106 230 204
sp	42.52 -5.5 -25.73		1.47		102 144 183
sp	-13.97 -5.54 47.69		1.3		124 233 223
sp	-21.91 -5.59 -44.59		1.26		128 178 104
sp	46.27 -5.64 18.08		0.89		247 250 158
sp	-46.33 -5.69 17.92		1.16		246 170 234
sp	22.05 -5.74 -44.51		1.48		196 160 110
sp	13.8 -5.79 47.71		1.22		147 242 135
sp	-42.4 -5.84 -25.85		1.4		113 191 212
sp	48.72 -5.89 -9.57		1.41		175 211 152
sp	-29.45 -5.94 39.97		1.45		137 254 169
sp	-5.28 -5.98 -49.36		0.68		109 146 161
sp	37.23 -6.03 32.83		0.95		235 153 161
sp	-49.62 -6.08 0.94		0.79		225 160 208
sp	35.95 -6.13 -34.21		0.98		195 219 184
sp	-3.4 -6.18 49.5		0.52		233 194 150
sp	-30.93 -6.23 -38.79		0.6		158 111 215
sp	49.0 -6.28 7.71		1.2		205 252 134
sp	-41.34 -6.33 27.41		0.72		195 146 157
sp	11.96 -6.38 -48.13		1.03		243 135 115
sp	23.68 -6.42 43.56		1.04		152 206 204
sp	-46.89 -6.47 -16.12		1.32		220 109 159
sp	45.46 -6.52 -19.78		0.96		237 151 180
sp	-20.15 -6.57 45.28		1.28		229 167 104
sp	-15.73 -6.62 -47.0		0.72		120 249 173
sp	43.34 -6.67 24.03		1.28		170 237 146
sp	-48.18 -6.72 11.55		0.63		253 100 156
sp	27.72 -6.77 -41.06		1.41		141 223 122
sp	7.3 -6.81 48.99		1.23		120 233 159
sp	-38.47 -6.86 -31.19		0.81		143 162 249
sp	49.43 -6.91 -2.98		1.07		201 177 199
sp	-34.43 -6.96 35.58		1.11		111 113 116
sp	1.35 -7.01 -49.49		0.64		148 180 251
sp	32.43 -7.06 37.4		1.31		157 141 164
sp	-49.17 -7.11 -5.67		0.91		120 193 150
sp	40.08 -7.16 -29.03		0.85		188 145 196
sp	-9.94 -7.21 48.47		0.68		205 161 246
sp	-25.41 -7.25 -42.45		0.94		113 160 201
sp	47.4 -7.3 14.14		0.83		193 218 124
sp	-44.49 -7.35 21.59		1.03		226 218 252
sp	18.22 -7.4 -45.97		1.29		151 155 219
sp	17.61 -7.45 46.2		0.83		141 127 184
sp	-44.19 -7.5 -22.16		0.61		154 121 166
sp	47.55 -7.55 -13.5		0.61		131 146 253
sp	-25.93 -7.6 42.07		0.82		133 209 233
sp	-9.29 -7.65 -48.53		1.18		253 177 184
sp	39.63 -7.69 29.5		1.24		242 202 137
sp	-49.14 -7.74 5.01		0.8		162 160 251
sp	32.85 -7.79 -36.88		0.78		246 121 108
sp	0.7 -7.84 49.38		0.57		167 229 209
sp	-33.86 -7.89 -35.93		0.92		155 161 234
sp	49.23 -7.94 3.62		0.79		132 127 217
sp	-38.74 -7.99 30.58		0.7		120 229 138
sp	7.91 -8.04 -48.71		0.94		212 239 152
sp	27.07 -8.09 41.26		1.12		161 223 195
sp	-47.82 -8.13 -12.13		1.16		248 246 228
sp	43.45 -8.18 -23.35		0.71		217 151 149
sp	-16.26 -8.23 46.56		1.12		222 251 132
sp	-19.45 -8.28 -45.31		1.16		173 245 149
sp	44.94 -8.33 20.26		1.12		244 142 217
sp	-46.82 -8.38 15.41		1.42		205 181 242
sp	24.11 -8.43 -42.99		0.6		152 181 222
sp	11.26 -8.48 47.97		0.95		152 176 135
sp	-40.7 -8.52 -27.76		0.77		179 177 172
sp	48.76 -8.57 -7.02		0.52		161 231 232
sp	-31.21 -8.62 38.1		1.08		138 202 245
sp	-2.73 -8.67 -49.17		1.23		158 172 146
sp	35.22 -8.72 34.41		1.33		151 129 228
sp	-49.2 -8.77 -1.58		0.54		113 131 172
sp	37.34 -8.82 -32.06		0.8		146 222 167
sp	-5.87 -8.87 48.86		0.53		224 143 174
sp	-28.67 -8.92 -39.99		0.54		167 175 222
sp	48.14 -8.96 10.12		1.21		235 189 189
sp	-42.32 -9.01 25.05		1.11		105 171 207
sp	14.28 -9.06 -47.05		1.42		137 115 143
sp	21.25 -9.11 44.33		1.48		220 244 219
sp	-45.61 -9.16 -18.34		0.89		202 239 232
sp	46.01 -9.21 -17.28		1.48		253 225 237
sp	-22.24 -9.26 43.81		1.17		242 194 200
sp	-13.19 -9.31 -47.32		1.23		223 203 142
sp	41.68 -9.36 25.98		0.59		105 106 189
sp	-48.28 -9.4 9.0		0.51		134 232 138
sp	29.51 -9.45 -39.24		1.08		248 175 254
sp	4.74 -9.5 48.86		0.68		150 128 114
sp	-36.49 -9.55 -32.82		1.43		239 116 233
sp	49.07 -9.6 -0.45		1.2		178 122 212
sp	-35.87 -9.65 33.47		0.53		173 204 209
sp	3.84 -9.7 -48.9		1.4		178 196 199
sp	30.2 -9.75 38.64		0.7		164 176 230
sp	-48.36 -9.79 -8.1		1.34		182 192 142
sp	41.12 -9.84 -26.69		0.55		139 157 147
sp	-12.29 -9.89 47.45		0.68		181 185 240
sp	-22.98 -9.94 -43.28		1.1		102 119 218
sp	46.17 -9.99 16.38		0.88		116 150 185
sp	-45.1 -10.04 19.11		0.7		232 212 116
sp	20.35 -10.09 -44.54		0.83		213 201 164
sp	15.08 -10.14 46.58		1.46		205 123 161
sp	-42.58 -10.19 -24.15		1.46		170 142 139
sp	47.7 -10.23 -10.95		0.82		234 159 192
sp	-27.77 -10.28 40.29		1.28		175 190 239
sp	-6.73 -10.33 -48.46		0.75		212 130 143
sp	37.69 -10.38 31.17		1.11		128 182 173
sp	-48.84 -10.43 2.47		0.86		206 118 204
sp	34.34 -10.48 -34.8		1.37		117 174 250
sp	-1.81 -10.53 48.85		1.34		117 180 249
sp	-31.65 -10.58 -37.23		0.52		250 162 150
sp	48.48 -10.63 6.07		0.61		114 144 111
sp	-39.84 -10.67 28.27		0.96		243 190 190
sp	10.28 -10.72 -47.74		1.5		183 121 233
sp	24.66 -10.77 42.14		0.6		168 131 102
sp	-46.64 -10.82 -14.41		1.32		225 143 125
sp	44.11 -10.87 -20.88		0.62		203 209 198
sp	-18.42 -10.92 45.18		1.32		188 252 120
sp	-16.93 -10.97 -45.75		0.52		200 255 220
sp	43.38 -11.02 22.29		1.22		103 139 104
sp	-47.03 -11.06 12.86		1.4		242 127 117
sp	25.99 -11.11 -41.25		0.9		144 173 153
sp	8.7 -11.16 47.96		1.41		194 141 178
sp	-38.8 -11.21 -29.48		0.56		253 108 159
sp	48.51 -11.26 -4.47		1.16		105 180 131
sp	-32.74 -11.31 36.06		0.78		217 214 143
sp	-0.21 -11.36 -48.69		0.7		168 189 226
sp	33.04 -11.41 35.75		1.11		173 197 185
sp	-48.5 -11.46 -4.04		0.66		195 155 248
sp	38.49 -11.5 -29.77		0.63		141 223 223
sp	-8.27 -11.55 47.94		1.0		253 110 227
sp	-26.28 -11.6 -40.92		0.57		214 103 125
sp	47.01 -11.65 12.42		0.99		229 123 180
sp	-43.04 -11.7 22.59		1.04		216 219 153
sp	16.47 -11.75 -45.72		0.74		177 204 248
sp	18.73 -11.8 44.83		1.11		203 128 173
sp	-44.09 -11.85 -20.4		0.55		229 134 130
sp	46.27 -11.9 -14.74		1.0		167 111 124
sp	-24.16 -11.94 42.11		1.17		128 124 248
sp	-10.63 -11.99 -47.36		0.88		146 214 204
sp	39.82 -12.04 27.74		0.82		232 170 118
sp	-48.09 -12.09 6.44		1.04		125 104 211
sp	31.1 -12.14 -37.22		1.4		218 228 201
sp	2.21 -12.19 48.44		1.16		252 170 161
sp	-34.34 -12.24 -34.22		0.73		229 183 164
sp	48.42 -12.29 2.03		0.51		203 132 124
sp	-37.07 -12.34 31.21		1.43		189 122 193
sp	6.25 -12.38 -48.04		0.78		131 120 181
sp	27.83 -12.43 39.63		1.12		208 136 155
sp	-47.28 -12.48 -10.42		1.43		190 246 138
sp	41.89 -12.53 -24.25		1.13		146 134 176
sp	-14.51 -12.58 46.17		1.29		145 209 246
sp	-20.48 -12.63 -43.83		1.06		152 186 171
sp	44.7 -12.68 18.48		0.95		161 104 114
sp	-45.43 -12.73 16.56		0.82		150 162 196
sp	22.3 -12.77 -42.89		0.82		113 249 212
sp	12.52 -12.82 46.68		1.49		221 158 146
sp	-40.75 -12.87 -25.95		0.56		166 203 207
sp	47.57 -12.92 -8.39		1.42		186 203 114
sp	-29.4 -12.97 38.31		1.44		213 172 210
sp	-4.19 -13.02 -48.09		0.54		184 115 203
sp	35.57 -13.07 32.62		0.52		102 126 162
sp	-48.25 -13.12 -0.03		1.03		178 107 111
sp	35.59 -13.17 -32.56		1.27		120 191 217
sp	-4.24 -13.21 48.04		1.35		182 115 163
sp	-29.31 -13.26 -38.27		0.91		106 191 184
sp	47.45 -13.31 8.42		1.09		215 241 114
sp	-40.67 -13.36 25.84		0.56		228 141 134
sp	12.53 -13.41 -46.51		0.99		244 160 137
sp	22.17 -13.46 42.75		1.45		134 132 160
sp	-45.21 -13.51 -16.54		1.13		187 110 229
sp	44.5 -13.56 -18.34		0.83		182 253 220
sp	-20.42 -13.61 43.57		0.65		104 105 112
sp	-14.37 -13.65 -45.9		0.71		120 229 234
sp	41.59 -13.7 24.13		0.6		200 241 119
sp	-46.96 -13.75 10.3		0.95		155 125 249
sp	27.66 -13.8 -39.3		1.04		128 102 149
sp	6.15 -13.85 47.65		1.05		137 216 242
sp	-36.71 -13.9 -30.97		0.7		181 194 220
sp	47.98 -13.95 -1.96		1.43		226 179 139
sp	-34.04 -14.0 33.84		1.12		253 110 150
sp	2.24 -14.04 -47.93		1.17		145 238 174
sp	30.72 -14.09 36.85		1.13		179 255 222
sp	-47.53 -14.14 -6.42		0.94		102 223 223
sp	39.37 -14.19 -27.36		0.52		255 127 227
sp	-10.54 -14.24 46.75		1.35		157 108 201
sp	-23.8 -14.29 -41.59		0.97		195 155 254
sp	45.63 -14.34 14.58		0.62		164 229 210
sp	-43.48 -14.39 20.06		1.31		114 214 117
sp	18.51 -14.44 -44.15		1.42		212 121 114
sp	16.17 -14.48 45.04		1.4		122 134 142
sp	-42.34 -14.53 -22.28		0.51		150 206 142
sp	46.25 -14.58 -12.17		0.7		165 142 178
sp	-25.88 -14.63 40.2		1.33		207 120 205
sp	-8.07 -14.68 -47.11		1.35		152 223 121
sp	37.76 -14.73 29.28		1.17		198 122 216
sp	-47.61 -14.78 3.92		0.54		121 131 136
sp	32.45 -14.83 -35.03		0.87		235 237 139
sp	-0.26 -14.88 47.74		0.77		255 132 220
sp	-32.04 -14.92 -35.36		0.98		160 146 108
sp	47.5 -14.97 4.43		0.94		243 213 201
sp	-38.0 -15.02 28.81		0.73		199 203 204
sp	8.56 -15.07 -46.9		0.51		253 155 185
sp	25.36 -15.12 40.35		0.85		193 220 244
sp	-45.94 -15.17 -12.62		0.87		249 189 185
sp	42.39 -15.22 -21.72		1.22		226 197 170
sp	-16.58 -15.27 44.63		1.24		144 103 208
sp	-17.92 -15.32 -44.09		1.32		254 123 210
sp	42.99 -15.36 20.4		0.77		255 125 197
sp	-45.46 -15.41 13.99		1.07		195 201 143
sp	24.06 -15.46 -41.01		0.87		164 159 149
sp	9.95 -15.51 46.48		0.65		223 210 154
sp	-38.72 -15.56 -27.54		0.84		252 106 184
sp	47.14 -15.61 -5.85		0.51		241 151 126
sp	-30.8 -15.66 36.14		1.3		253 199 147
sp	-1.7 -15.71 -47.44		1.17		232 252 221
sp	33.29 -15.75 33.82		0.55		167 101 153
sp	-47.37 -15.8 -2.45		0.75		218 201 162
sp	36.57 -15.85 -30.18		0.6		219 246 237
sp	-6.58 -15.9 46.95		0.96		203 112 209
sp	-26.85 -15.95 -39.04		1.36		249 139 100
sp	46.16 -16.0 10.65		0.77		228 233 225
sp	-41.21 -16.05 23.32		0.53		236 128 122
sp	14.63 -16.1 -45.02		1.4		202 243 180
sp	19.61 -16.15 43.06		1.13		236 211 222
sp	-43.54 -16.19 -18.5		0.76		200 175 112
sp	44.58 -16.24 -15.76		0.51		196 179 177
sp	-22.22 -16.29 41.72		1.03		101 253 244
sp	-11.8 -16.34 -45.76		0.58		236 123 161
sp	39.59 -16.39 25.76		1.29		211 193 149
sp	-46.58 -16.44 7.75		1.39		165 103 178
sp	29.1 -16.49 -37.16		0.82		135 142 232
sp	3.64 -16.54 47.05		1.21		120 160 178
sp	-34.45 -16.59 -32.22		0.89		195 114 126
sp	47.15 -16.63 0.49		1.44		127 125 222
sp	-35.08 -16.68 31.48		0.98		231 167 185
sp	4.6 -16.73 -46.89		0.84		133 156 232
sp	28.27 -16.78 37.67		0.98		165 187 113
sp	-46.28 -16.83 -8.68		0.83		207 241 152
sp	39.97 -16.88 -24.85		0.78		210 228 245
sp	-12.68 -16.93 45.31		0.93		158 237 205
sp	-21.25 -16.98 -41.96		1.23		161 227 207
sp	43.99 -17.02 16.58		1.37		145 151 125
sp	-43.62 -17.07 17.48		0.8		144 208 182
sp	20.35 -17.12 -42.34		1.35		199 217 110
sp	13.59 -17.17 44.95		0.93		178 137 187
sp	-40.37 -17.22 -23.95		0.59		159 212 192
sp	45.93 -17.27 -9.6		1.31		208 107 134
sp	-27.37 -17.32 38.09		1.32		220 226 233
sp	-5.55 -17.37 -46.56		0.64		192 137 220
sp	35.53 -17.42 30.57		0.96		106 151 198
sp	-46.83 -17.46 1.45		0.53		111 240 117
sp	33.53 -17.51 -32.69		0.93		114 110 140
sp	-2.64 -17.56 46.74		1.06		233 173 204
sp	-29.61 -17.61 -36.24		0.87		252 114 185
sp	46.29 -17.66 6.71		0.71		150 145 144
sp	-38.66 -17.71 26.31		0.82		146 210 127
sp	10.73 -17.76 -45.49		0.87		240 195 230
sp	22.81 -17.81 40.78		0.77		255 166 224
sp	-44.35 -17.86 -14.65		0.86		132 241 155
sp	42.58 -17.9 -19.14		0.68		252 107 113
sp	-18.46 -17.95 42.86		0.97		102 188 225
sp	-15.33 -18.0 -44.05		1.39		103 211 219
sp	41.05 -18.05 22.12		0.63		173 209 197
sp	-45.19 -18.1 11.42		1.1		120 237 206
sp	25.6 -18.15 -38.93		1.4		232 166 170
sp	7.41 -18.2 45.98		1.33		142 114 100
sp	-36.51 -18.25 -28.88		0.9		149 135 117
sp	46.41 -18.3 -3.36		1.04		198 135 197
sp	-31.94 -18.34 33.82		0.84		221 165 242
sp	0.71 -18.39 -46.49		1.38		230 252 135
sp	30.87 -18.44 34.74		1.34		125 231 151
sp	-46.21 -18.49 -4.76		1.37		115 207 105
sp	37.28 -18.54 -27.69		0.95		226 171 148
sp	-8.78 -18.59 45.58		0.78		199 153 151
sp	-24.31 -18.64 -39.52		1.18		161 218 156
sp	44.6 -18.69 12.72		1.38		200 172 206
sp	-41.46 -18.73 20.74		1.43		169 215 174
sp	16.55 -18.78 -43.28		0.62		246 246 135
sp	17.02 -18.83 43.08		0.6		108 201 148
sp	-41.63 -18.88 -20.26		0.83		142 244 138
sp	44.36 -18.93 -13.18		1.07		254 138 218
sp	-23.8 -18.98 39.67		0.56		143 169 214
sp	-9.24 -19.03 -45.3		0.73		137 200 151
sp	37.4 -19.08 27.15		1.23		237 228 222
sp	-45.9 -19.13 5.24		1.41		149 128 206
sp	30.29 -19.17 -34.85		1.46		178 145 214
sp	1.21 -19.22 46.14		1.36		216 225 243
sp	-32.04 -19.27 -33.19		0.96		238 166 159
sp	46.03 -19.32 2.83		1.03		199 251 132
sp	-35.84 -19.37 28.99		0.65		210 187 237
sp	6.84 -19.42 -45.57		1.31		131 205 147
sp	25.73 -19.47 38.2		0.68		170 237 147
sp	-44.75 -19.52 -10.78		1.37		181 129 200
sp	40.27 -19.57 -22.27		1.45		234 242 111
sp	-14.64 -19.61 43.6		1.48		194 192 182
sp	-18.65 -19.66 -42.02		1.18		134 106 124
sp	42.11 -19.71 18.38		1.03		252 225 146
sp	-43.45 -19.76 14.89		1.01		136 108 134
sp	21.97 -19.81 -40.31		1.27		254 189 209
sp	11.02 -19.86 44.54		0.98		143 136 135
sp	-38.2 -19.91 -25.39		1.15		197 222 115
sp	45.3 -19.96 -7.08		1.17		181 192 133
sp	-28.6 -20.0 35.8		1.29		242 179 210
sp	-3.09 -20.05 -45.7		1.41		190 248 120
sp	33.13 -20.1 31.6		0.97		158 214 184
sp	-45.75 -20.15 -0.92		0.78		234 181 203
sp	34.34 -20.2 -30.21		1.25		124 226 216
sp	-4.91 -20.25 45.45		0.59		143 244 215
sp	-27.07 -20.3 -36.81		0.76		165 101 155
sp	44.81 -20.35 8.86		0.8		209 144 235
sp	-39.0 -20.4 23.72		0.94		150 248 112
sp	12.73 -20.44 -43.82		0.76		129 101 234
sp	20.2 -20.49 40.89		1.39		151 201 132
sp	-42.5 -20.54 -16.49		0.65		239 118 173
sp	42.46 -20.59 -16.54		0.86		230 200 181
sp	-20.13 -20.64 40.85		0.59		250 160 116
sp	-12.75 -20.69 -43.7		1.21		199 112 144
sp	38.9 -20.74 23.6		0.9		252 115 162
sp	-44.6 -20.79 8.87		0.73		152 227 228
sp	26.88 -20.84 -36.65		1.38		232 160 181
sp	4.93 -20.88 45.16		1.14		138 155 175
sp	-34.13 -20.93 -29.95		1.38		179 146 187
sp	45.37 -20.98 -0.97		0.95		243 163 155
sp	-32.79 -21.03 31.35		1.41		167 157 172
sp	3.0 -21.08 -45.24		0.57		128 133 243
sp	28.33 -21.13 35.37		1.17		208 121 237
sp	-44.76 -21.18 -6.94		0.57		120 169 179
sp	37.67 -21.23 -25.11		1.45		167 158 133
sp	-10.81 -21.28 43.94		1.32		111 170 201
sp	-21.69 -21.32 -39.68		0.87		205 234 117
sp	42.78 -21.37 14.6		0.55		207 134 188
sp	-41.38 -21.42 18.12		1.35		245 163 158
sp	18.26 -21.47 -41.3		0.67		191 161 202
sp	14.42 -21.52 42.77		1.32		177 113 231
sp	-39.5 -21.57 -21.78		1.28		235 207 139
sp	43.82 -21.62 -10.62		1.06		222 207 249
sp	-25.13 -21.67 37.41		0.97		103 193 245
sp	-6.74 -21.71 -44.53		0.68		238 156 180
sp	35.03 -21.76 28.27		1.49		187 187 229
sp	-44.9 -21.81 2.81		0.65		110 157 210
sp	31.19 -21.86 -32.39		1.27		100 198 179
sp	-1.12 -21.91 44.93		0.97		208 143 224
sp	-29.51 -21.96 -33.87		0.53		147 184 121
sp	44.61 -22.01 5.04		0.92		137 140 208
sp	-36.28 -22.06 26.41		1.17		211 183 216
sp	8.91 -22.11 -43.95		1.26		147 213 147
sp	23.11 -22.15 38.41		0.96		241 183 203
sp	-42.96 -22.2 -12.71		0.98		208 125 118
sp	40.24 -22.25 -19.64		0.93		201 164 110
sp	-16.39 -22.3 41.64		0.64		223 104 218
sp	-16.03 -22.35 -41.76		0.69		157 157 154
sp	40.0 -22.4 19.95		0.75		200 143 234
sp	-42.95 -22.45 12.3		1.03		225 146 130
sp	23.35 -22.5 -38.06		1.01		154 151 176
sp	8.49 -22.55 43.81		1.0		114 121 247
sp	-35.84 -22.59 -26.55		0.8		243 136 205
sp	44.34 -22.64 -4.62		1.09		135 217 115
sp	-29.55 -22.69 33.34		0.57		169 202 253
sp	-0.73 -22.74 -44.52		1.23		128 160 183
sp	30.6 -22.79 32.32		0.56		165 252 223
sp	-44.37 -22.84 -3.16		1.18		242 172 212
sp	34.83 -22.89 -27.62		1.28		233 240 178
sp	-7.02 -22.94 43.87		1.1		160 117 111
sp	-24.44 -22.98 -37.07		1.17		156 226 235
sp	43.04 -23.03 10.82		0.82		135 103 191
sp	-39.02 -23.08 21.09		1.47		180 141 160
sp	14.52 -23.13 -41.88		0.53		233 126 247
sp	17.57 -23.18 40.67		1.31		218 241 194
sp	-40.41 -23.23 -18.11		1.25		233 164 109
sp	42.0 -23.28 -13.93		0.67		110 184 115
sp	-21.54 -23.33 38.62		0.8		253 117 161
sp	-10.2 -23.38 -43.01		0.89		239 147 242
sp	36.55 -23.42 24.81		0.56		164 125 145
sp	-43.68 -23.47 6.39		0.71		183 234 221
sp	27.88 -23.52 -34.2		1.17		147 141 132
sp	2.54 -23.57 44.02		0.91		163 106 223
sp	-31.59 -23.62 -30.72		1.14		201 254 168
sp	44.02 -23.67 1.31		0.85		156 168 204
sp	-33.33 -23.72 28.75		0.92		130 244 145
sp	5.15 -23.77 -43.69		0.68		106 147 108
sp	25.7 -23.82 35.67		0.67		163 121 192
sp	-43.02 -23.86 -8.94		1.01		159 248 158
sp	37.74 -23.91 -22.45		0.63		152 100 153
sp	-12.65 -23.96 42.02		0.51		120 201 129
sp	-19.05 -24.01 -39.51		1.3		155 184 247
sp	40.7 -24.06 16.26		0.9		240 138 210
sp	-40.97 -24.11 15.5		1.41		255 118 236
sp	19.73 -24.16 -39.08		1.39		225 137 188
sp	11.84 -24.21 42.12		1.2		211 109 144
sp	-37.16 -24.26 -23.04		1.37		142 196 186
sp	42.94 -24.3 -8.11		0.81		163 106 164
sp	-26.17 -24.35 34.96		1.09		167 161 172
sp	-4.32 -24.4 -43.43		0.6		151 179 231
sp	32.5 -24.45 29.09		0.54		117 226 205
sp	-43.58 -24.5 0.5		0.73		117 246 236
sp	31.78 -24.55 -29.79		0.82		252 136 160
sp	-3.31 -24.6 43.41		0.52		115 199 149
sp	-26.87 -24.65 -34.22		0.77		224 125 181
sp	42.9 -24.69 7.08		0.68		167 123 195
sp	-36.39 -24.74 23.74		1.38		206 136 217
sp	10.79 -24.79 -42.06		0.67		237 170 109
sp	20.44 -24.84 38.28		1.01		243 178 114
sp	-40.9 -24.89 -14.41		0.53		115 154 220
sp	39.86 -24.94 -17.0		0.68		245 196 224
sp	-17.9 -24.99 39.43		1.27		197 117 152
sp	-13.43 -25.04 -41.14		0.82		152 229 189
sp	37.67 -25.09 21.25		1.45		151 117 255
sp	-42.11 -25.13 9.77		1.19		204 188 179
sp	24.43 -25.18 -35.62		0.9		252 132 201
sp	6.04 -25.23 42.74		1.33		137 141 238
sp	-33.3 -25.28 -27.42		1.38		137 168 214
sp	43.05 -25.33 -2.28		0.95		133 206 242
sp	-30.18 -25.38 30.74		1.49		132 103 137
sp	1.49 -25.43 -43.03		1.4		197 239 195
sp	27.94 -25.48 32.71		1.47		155 224 140
sp	-42.67 -25.53 -5.24		0.82		235 167 100
sp	34.98 -25.57 -24.94		1.4		219 221 125
sp	-8.94 -25.62 41.99		0.94		230 167 238
sp	-21.76 -25.67 -36.98		1.3		102 111 157
sp	41.0 -25.72 12.56		0.52		146 211 179
sp	-38.69 -25.77 18.42		0.74		252 163 185
sp	16.07 -25.82 -39.69		0.55		169 118 203
sp	14.94 -25.87 40.09		0.71		196 179 104
sp	-38.08 -25.92 -19.46		1.39		155 220 171
sp	41.19 -25.96 -11.37		0.52		167 252 205
sp	-22.68 -26.01 36.18		0.85		124 163 246
sp	-7.71 -26.06 -41.97		0.7		165 182 127
sp	34.01 -26.11 25.72		0.7		223 123 199
sp	-42.42 -26.16 4.01		0.61		191 216 253
sp	28.55 -26.21 -31.59		1.2		108 241 165
sp	0.28 -26.26 42.55		0.62		186 184 193
sp	-28.93 -26.31 -31.16		1.37		162 218 223
sp	42.35 -26.36 3.43		0.65		170 183 164
sp	-33.52 -26.4 26.06		1.43		209 177 225
sp	7.11 -26.45 -41.83		1.43		168 163 224
sp	22.99 -26.5 35.62		1.36		104 226 169
sp	-40.99 -26.55 -10.73		1.01		228 126 123
sp	37.44 -26.6 -19.76		0.82		129 195 130
sp	-14.25 -26.65 39.83		0.65		233 122 180
sp	-16.39 -26.7 -38.97		0.81		233 170 121
sp	38.38 -26.75 17.65		1.04		146 121 102
sp	-40.19 -26.8 12.9		1.28		133 127 122
sp	20.91 -26.84 -36.64		0.97		173 189 122
sp	9.32 -26.89 41.11		0.52		114 252 167
sp	-34.62 -26.94 -24.0		1.38		132 207 208
sp	41.7 -26.99 -5.69		0.9		139 228 222
sp	-26.89 -27.04 32.34		0.83		245 121 240
sp	-2.02 -27.09 -41.98		0.71		246 150 246
sp	29.82 -27.14 29.57		0.61		169 165 141
sp	-41.93 -27.19 -1.66		0.9		223 198 120
sp	32.02 -27.23 -27.08		1.0		165 147 140
sp	-5.31 -27.28 41.56		0.53		209 137 253
sp	-24.14 -27.33 -34.21		1.09		178 120 206
sp	40.88 -27.38 8.91		1.16		141 147 155
sp	-36.13 -27.43 21.02		0.8		132 128 230
sp	12.43 -27.48 -39.88		0.68		227 178 121
sp	17.76 -27.53 37.77		1.39		250 252 238
sp	-38.58 -27.58 -15.85		1.25		125 145 122
sp	39.12 -27.63 -14.37		0.54		173 102 106
sp	-19.13 -27.67 36.99		0.52		209 153 231
sp	-10.87 -27.72 -40.16		0.88		163 233 197
sp	35.12 -27.77 22.25		1.21		101 161 153
sp	-40.9 -27.82 7.31		0.6		160 100 185
sp	25.2 -27.87 -32.99		0.51		234 107 219
sp	3.7 -27.92 41.31		1.31		116 171 158
sp	-30.61 -27.97 -27.94		1.06		113 142 125
sp	41.41 -28.02 -0.07		1.23		161 144 243
sp	-30.46 -28.07 28.01		0.92		222 195 140
sp	3.54 -28.11 -41.2		0.65		170 160 154
sp	25.19 -28.16 32.74		1.03		135 219 108
sp	-40.66 -28.21 -7.12		1.3		133 135 179
sp	34.76 -28.26 -22.2		1.3		120 148 143
sp	-10.63 -28.31 39.82		1.43		236 233 160
sp	-19.04 -28.36 -36.51		1.2		218 206 134
sp	38.67 -28.41 14.05		1.02		225 135 117
sp	-37.97 -28.46 15.75		0.7		214 133 243
sp	17.35 -28.51 -37.24		0.77		173 232 242
sp	12.35 -28.55 39.14		1.37		184 130 192
sp	-35.52 -28.6 -20.5		0.89		121 171 119
sp	40.01 -28.65 -8.87		1.38		244 237 187
sp	-23.49 -28.7 33.53		0.57		209 109 165
sp	-5.33 -28.75 -40.56		1.14		169 199 171
sp	31.3 -28.8 26.29		1.01		142 185 226
sp	-40.8 -28.85 1.76		0.54		197 119 126
sp	28.87 -28.9 -28.83		0.73		144 207 101
sp	-1.81 -28.94 40.73		1.41		185 184 113
sp	-26.15 -28.99 -31.23		0.66		177 152 247
sp	40.35 -29.04 5.36		0.57		172 151 130
sp	-33.34 -29.09 23.28		1.09		157 182 221
sp	8.85 -29.14 -39.66		0.68		140 188 132
sp	20.25 -29.19 35.19		1.23		211 118 202
sp	-38.66 -29.24 -12.26		0.92		153 109 125
sp	36.76 -29.29 -17.06		0.91		204 195 153
sp	-15.57 -29.34 37.38		1.38		248 220 117
sp	-13.76 -29.38 -38.04		1.07		113 154 123
sp	35.81 -29.43 18.74		0.65		167 148 105
sp	-39.03 -29.48 10.36		0.59		181 249 105
sp	21.76 -29.53 -33.98		0.91		218 150 100
sp	6.9 -29.58 39.72		1.02		233 232 117
sp	-31.89 -29.63 -24.6		1.01		162 235 209
sp	40.1 -29.68 -3.39		1.47		165 156 119
sp	-27.25 -29.73 29.56		0.57		163 161 128
sp	0.13 -29.78 -40.17		0.67		182 164 167
sp	27.02 -29.82 29.68		1.39		243 139 177
sp	-39.93 -29.87 -3.63		0.74		213 148 209
sp	31.87 -29.92 -24.27		0.63		255 249 209
sp	-7.09 -29.97 39.39		0.95		207 201 188
sp	-21.36 -30.02 -33.8		0.8		199 140 161
sp	38.55 -30.07 10.49		0.62		215 131 121
sp	-35.48 -30.12 18.29		1.22		130 199 215
sp	13.8 -30.17 -37.41		1.24		185 181 133
sp	15.09 -30.21 36.87		1.01		239 166 244
sp	-36.0 -30.26 -16.98		1.24		203 227 109
sp	37.98 -30.31 -11.78		1.17		106 155 108
sp	-20.03 -30.36 34.31		1.19		182 164 202
sp	-8.4 -30.41 -38.79		1.26		183 174 219
sp	32.37 -30.46 22.91		1.22		200 184 224
sp	-39.3 -30.51 4.97		0.68		255 223 102
sp	25.6 -30.56 -30.18		0.77		157 167 190
sp	1.51 -30.61 39.51		0.85		143 125 209
sp	-27.78 -30.65 -28.09		0.99		180 239 180
sp	39.41 -30.7 1.95		1.43		250 111 163
sp	-30.35 -30.75 25.17		0.6		117 187 163
sp	5.37 -30.8 -39.02		1.17		174 146 155
sp	22.37 -30.85 32.37		0.54		219 117 174
sp	-38.32 -30.9 -8.75		0.59		253 138 220
sp	34.13 -30.95 -19.42		1.43		134 216 110
sp	-12.04 -31.0 37.34		1.06		124 208 106
sp	-16.33 -31.05 -35.63		1.38		105 133 152
sp	36.07 -31.09 15.23		1.41		221 126 219
sp	-36.85 -31.14 13.12		0.53		253 122 160
sp	18.29 -31.19 -34.53		0.59		211 126 193
sp	9.83 -31.24 37.78		1.48		184 132 104
sp	-32.74 -31.29 -21.19		1.11		138 133 152
sp	38.42 -31.34 -6.48		1.03		142 136 176
sp	-23.93 -31.39 30.7		0.82		245 170 205
sp	-3.09 -31.44 -38.76		0.66		193 173 246
sp	28.43 -31.49 26.47		1.2		120 106 169
sp	-38.8 -31.53 -0.31		1.05		228 151 162
sp	28.79 -31.58 -25.95		0.83		191 250 177
sp	-3.69 -31.63 38.55		1.06		104 138 233
sp	-23.29 -31.68 -30.89		1.45		227 185 200
sp	38.0 -31.73 7.03		1.12		180 231 137
sp	-32.74 -31.78 20.46		0.57		240 133 199
sp	10.31 -31.83 -37.16		1.11		112 150 203
sp	17.48 -31.88 34.33		0.9		119 106 113
sp	-36.04 -31.92 -13.49		1.5		118 101 125
sp	35.65 -31.97 -14.38		0.71		176 132 238
sp	-16.55 -32.02 34.65		1.4		138 168 220
sp	-11.19 -32.07 -36.69		1.4		105 182 145
sp	33.0 -32.12 19.48		1.03		151 139 151
sp	-37.45 -32.17 7.92		1.48		121 139 116
sp	22.24 -32.22 -31.1		1.13		209 118 129
sp	4.61 -32.27 37.92		0.69		116 228 102
sp	-28.98 -32.32 -24.82		1.04		185 251 161
sp	38.09 -32.36 -1.27		0.96		198 214 172
sp	-27.2 -32.41 26.64		0.79		159 137 193
sp	2.06 -32.46 -37.97		1.41		163 165 207
sp	24.1 -32.51 29.36		0.73		212 116 153
sp	-37.56 -32.56 -5.36		0.52		233 183 212
sp	31.29 -32.61 -21.4		0.56		199 139 104
sp	-8.6 -32.66 36.87		1.12		208 173 222
sp	-18.54 -32.71 -32.96		1.25		158 119 149
sp	35.9 -32.76 11.77		1.02		102 135 214
sp	-34.38 -32.8 15.55		1.22		164 247 121
sp	14.83 -32.85 -34.65		0.99		225 156 236
sp	12.46 -32.9 35.53		0.79		142 159 133
sp	-33.15 -32.95 -17.76		0.61		155 194 201
sp	36.4 -33.0 -9.28		0.95		159 147 182
sp	-20.54 -33.05 31.4		1.47		172 179 242
sp	-6.05 -33.1 -36.99		0.61		203 195 181
sp	29.41 -33.15 23.16		1.4		144 243 224
sp	-37.29 -33.19 2.79		0.97		154 212 156
sp	25.58 -33.24 -27.21		0.91		247 116 125
sp	-0.48 -33.29 37.3		0.74		164 249 166
sp	-24.81 -33.34 -27.8		1.47		101 207 216
sp	37.03 -33.39 3.73		0.53		165 133 135
sp	-29.79 -33.44 22.24		1.21		232 222 218
sp	6.94 -33.49 -36.47		1.24		161 166 125
sp	19.5 -33.54 31.54		1.4		108 155 223
sp	-35.64 -33.59 -10.08		1.47		193 114 207
sp	33.05 -33.63 -16.63		0.81		137 234 148
sp	-13.12 -33.68 34.54		1.39		160 115 162
sp	-13.64 -33.73 -34.29		1.23		116 218 208
sp	33.18 -33.78 16.05		1.28		186 243 163
sp	-35.27 -33.83 10.57		0.78		107 172 198
sp	18.85 -33.88 -31.58		0.65		202 136 199
sp	7.42 -33.93 35.97		1.2		242 227 115
sp	-29.73 -33.98 -21.48		0.85		197 168 213
sp	36.39 -34.03 -4.24		0.61		255 105 248
sp	-23.94 -34.07 27.67		0.6		221 148 202
sp	-1.04 -34.12 -36.53		0.73		123 244 198
sp	25.41 -34.17 26.2		0.74		228 219 197
sp	-36.39 -34.22 -2.15		1.08		176 132 164
sp	28.25 -34.27 -22.97		1.27		249 218 144
sp	-5.31 -34.32 35.97		1.1		166 125 255
sp	-20.36 -34.37 -30.08		1.02		181 197 200
sp	35.28 -34.42 8.42		1.13		133 139 100
sp	-31.66 -34.47 17.6		0.98		152 200 210
sp	11.44 -34.51 -34.32		1.03		110 121 194
sp	14.73 -34.56 32.99		1.48		205 171 160
sp	-33.1 -34.61 -14.36		1.33		255 249 169
sp	34.06 -34.66 -11.76		0.82		198 178 129
sp	-17.15 -34.71 31.64		0.78		223 220 220
sp	-8.71 -34.76 -34.87		0.84		217 104 165
sp	29.94 -34.81 19.8		1.46		115 252 129
sp	-35.41 -34.86 5.62		1.26		115 202 179
sp	22.28 -34.9 -28.02		1.46		233 148 169
sp	2.49 -34.95 35.67		0.51		219 114 208
sp	-25.9 -35.0 -24.58		0.83		119 168 165
sp	35.65 -35.05 0.63		1.1		222 194 148
sp	-26.68 -35.1 23.58		0.97		171 167 211
sp	3.74 -35.15 -35.36		1.24		235 124 204
sp	21.1 -35.2 28.56		0.6		102 197 217
sp	-34.81 -35.25 -6.8		0.76		251 219 127
sp	30.21 -35.3 -18.47		0.93		231 204 219
sp	-9.79 -35.34 33.99		1.03		118 129 241
sp	-15.72 -35.39 -31.63		0.74		110 141 184
sp	32.91 -35.44 12.68		0.51		146 105 169
sp	-32.79 -35.49 12.86		0.61		234 143 140
sp	15.47 -35.54 -31.58		1.22		145 208 249
sp	9.91 -35.59 33.69		1.34		187 173 184
sp	-30.03 -35.64 -18.12		0.89		217 226 252
sp	34.33 -35.69 -6.91		1.2		212 149 201
sp	-20.62 -35.74 28.25		1.29		231 126 114
sp	-3.87 -35.78 -34.71		1.22		238 102 135
sp	26.26 -35.83 22.94		0.79		178 215 202
sp	-34.81 -35.88 0.82		1.24		127 235 155
sp	25.08 -35.93 -24.09		1.05		130 240 101
sp	-2.22 -35.98 34.65		0.6		109 106 139
sp	-21.74 -36.03 -27.01		1.29		157 176 105
sp	34.22 -36.08 5.22		0.96		107 243 146
sp	-28.72 -36.13 19.24		1.21		110 204 205
sp	8.17 -36.17 -33.53		1.01		162 146 223
sp	16.6 -36.22 30.2		0.53		113 249 149
sp	-32.59 -36.27 -11.04		0.95		234 196 212
sp	31.44 -36.32 -13.86		0.87		131 165 133
sp	-13.81 -36.37 31.41		1.37		244 216 251
sp	-11.02 -36.42 -32.44		1.37		254 190 154
sp	29.99 -36.47 16.45		1.42		208 135 218
sp	-33.18 -36.52 8.12		1.36		110 201 197
sp	18.95 -36.57 -28.35		1.08		255 242 183
sp	5.17 -36.61 33.65		0.54		113 201 164
sp	-26.51 -36.66 -21.29		1.3		209 159 134
sp	33.87 -36.71 -2.2		1.17		174 206 224
sp	-23.45 -36.76 24.47		0.88		219 174 181
sp	0.77 -36.81 -33.83		1.09		136 127 178
sp	22.25 -36.86 25.42		1.08		150 253 143
sp	-33.53 -36.91 -3.71		0.56		210 109 133
sp	27.18 -36.96 -19.88		0.95		235 173 150
sp	-6.6 -37.01 32.97		1.08		145 127 206
sp	-17.37 -37.05 -28.73		0.88		152 148 220
sp	32.16 -37.1 9.43		1.07		201 206 253
sp	-30.04 -37.15 14.75		1.02		151 246 141
sp	12.17 -37.2 -31.11		1.44		176 121 182
sp	12.03 -37.25 31.11		1.09		146 231 150
sp	-29.83 -37.3 -14.79		1.32		152 132 217
sp	31.94 -37.35 -9.23		1.0		135 104 180
sp	-17.29 -37.4 28.33		0.55		130 106 210
sp	-6.38 -37.45 -32.51		0.85		142 230 188
sp	26.62 -37.49 19.63		1.01		189 100 241
sp	-32.84 -37.54 3.5		0.72		251 130 232
sp	21.81 -37.59 -24.72		0.59		213 100 232
sp	0.62 -37.64 32.91		1.13		208 190 191
sp	-22.64 -37.69 -23.81		1.32		135 235 165
sp	32.72 -37.74 2.26		1.5		117 192 145
sp	-25.61 -37.79 20.4		1.42		133 225 149
sp	5.09 -37.84 -32.29		1.1		154 125 209
sp	18.03 -37.88 27.2		0.57		192 150 226
sp	-31.61 -37.93 -7.87		0.96		160 108 175
sp	28.57 -37.98 -15.52		1.13		126 166 197
sp	-10.56 -38.03 30.69		0.53		167 148 224
sp	-12.92 -38.08 -29.71		1.25		214 160 168
sp	29.55 -38.13 13.16		1.0		152 178 156
sp	-30.62 -38.18 10.24		1.46		102 172 194
sp	15.64 -38.23 -28.18		1.34		200 206 153
sp	7.49 -38.28 31.29		1.29		155 121 135
sp	-26.61 -38.32 -17.97		0.64		187 126 104
sp	31.71 -38.37 -4.71		0.9		186 133 234
sp	-20.16 -38.42 24.85		1.09		222 203 210
sp	-1.92 -38.47 -31.88		0.65		129 245 165
sp	22.9 -38.52 22.17		0.99		254 209 139
sp	-31.81 -38.57 -0.88		0.76		162 127 208
sp	24.0 -38.62 -20.8		0.63		111 124 241
sp	-3.64 -38.67 31.49		1.01		171 149 151
sp	-18.55 -38.72 -25.63		0.98		210 169 177
sp	30.93 -38.76 6.35		1.2		137 217 115
sp	-27.05 -38.81 16.18		1.03		109 174 225
sp	9.0 -38.86 -30.15		0.97		129 126 219
sp	13.7 -38.91 28.25		1.05		214 227 157
sp	-29.13 -38.96 -11.56		0.9		106 192 158
sp	29.23 -39.01 -11.13		1.11		246 156 104
sp	-14.0 -39.06 27.9		0.61		142 112 195
sp	-8.5 -39.11 -29.97		0.71		215 187 241
sp	26.46 -39.15 16.33		1.22		190 197 156
sp	-30.48 -39.2 5.83		0.55		168 181 177
sp	18.5 -39.25 -24.84		0.54		229 131 119
sp	3.13 -39.3 30.75		1.32		100 125 133
sp	-23.03 -39.35 -20.52		1.15		174 111 138
sp	30.78 -39.4 -0.43		0.84		134 215 245
sp	-22.36 -39.45 21.06		1.47		100 166 102
sp	2.26 -39.5 -30.58		0.91		192 177 220
sp	18.95 -39.55 24.02		1.05		182 182 163
sp	-30.14 -39.59 -4.9		0.8		228 143 130
sp	25.48 -39.64 -16.71		0.77		164 249 247
sp	-7.49 -39.69 29.47		0.94		193 194 188
sp	-14.36 -39.74 -26.73		0.84		124 175 144
sp	28.58 -39.79 9.99		1.16		108 157 102
sp	-27.77 -39.84 11.91		0.99		201 166 151
sp	12.4 -39.89 -27.48		1.35		195 217 218
sp	9.4 -39.94 28.58		0.99		124 104 243
sp	-26.18 -39.99 -14.69		0.73		110 182 126
sp	29.16 -40.03 -6.84		1.13		103 103 213
sp	-16.85 -40.08 24.69		0.56		199 130 184
sp	-4.24 -40.13 -29.52		1.36		233 137 111
sp	23.02 -40.18 18.86		0.74		242 115 126
sp	-29.65 -40.23 1.64		1.02		184 143 166
sp	20.71 -40.28 -21.19		1.2		160 167 233
sp	-0.96 -40.33 29.54		0.69		141 167 126
sp	-19.21 -40.38 -22.38		1.18		158 253 169
sp	29.21 -40.43 3.52		0.84		187 246 158
sp	-23.86 -40.47 17.1		1.06		168 223 139
sp	6.03 -40.52 -28.66		0.94		175 207 233
sp	14.88 -40.57 25.15		0.64		178 191 254
sp	-27.9 -40.62 -8.48		1.31		117 125 129
sp	26.23 -40.67 -12.56		1.09		209 112 144
sp	-10.83 -40.72 26.92		0.74		146 242 204
sp	-10.17 -40.77 -27.1		1.3		247 240 199
sp	25.75 -40.82 13.08		1.22		146 202 141
sp	-27.76 -40.86 7.73		1.23		200 111 171
sp	15.21 -40.91 -24.39		0.75		226 254 157
sp	5.25 -40.96 28.19		1.33		240 221 141
sp	-22.85 -41.01 -17.2		0.87		181 101 141
sp	28.4 -41.06 -2.75		0.55		197 198 216
sp	-19.04 -41.11 21.16		0.68		119 166 236
sp	-0.25 -41.16 -28.39		0.72		211 169 255
sp	19.32 -41.21 20.71		0.54		178 240 207
sp	-28.16 -41.26 -2.22		0.59		239 186 128
sp	22.21 -41.3 -17.34		0.82		177 208 225
sp	-4.65 -41.35 27.72		1.18		163 186 116
sp	-15.26 -41.4 -23.52		1.19		165 219 208
sp	27.07 -41.45 7.02		1.07		192 253 204
sp	-24.63 -41.5 13.07		1.25		223 156 139
sp	9.31 -41.55 -26.21		0.57		181 116 119
sp	10.81 -41.6 25.55		1.41		142 169 219
sp	-25.16 -41.65 -11.5		0.7		105 174 161
sp	26.26 -41.7 -8.49		1.1		225 235 169
sp	-13.59 -41.74 23.93		1.49		162 248 151
sp	-6.13 -41.79 -26.75		1.33		171 182 162
sp	22.53 -41.84 15.54		1.3		239 151 204
sp	-27.04 -41.89 3.75		0.69		164 161 251
sp	17.36 -41.94 -20.97		0.84		153 174 225
sp	1.36 -41.99 27.11		0.58		203 199 158
sp	-19.27 -42.04 -19.02		1.4		133 248 215
sp	26.98 -42.09 1.01		0.69		252 198 230
sp	-20.51 -42.13 17.43		0.92		231 254 241
sp	3.34 -42.18 -26.63		1.33		141 167 150
sp	15.48 -42.23 21.83		1.48		164 244 110
sp	-26.09 -42.28 -5.62		1.34		221 188 101
sp	22.97 -42.33 -13.44		0.62		140 107 172
sp	-7.84 -42.38 25.35		0.61		148 204 186
sp	-11.31 -42.43 -23.92		0.87		226 105 250
sp	24.42 -42.48 9.97		1.25		159 170 120
sp	-24.67 -42.53 9.12		1.38		144 193 218
sp	11.99 -42.57 -23.32		1.15		113 225 120
sp	6.89 -42.62 25.22		1.47		141 137 147
sp	-22.04 -42.67 -13.9		0.59		164 230 250
sp	25.56 -42.72 -4.63		1.13		143 153 243
sp	-15.67 -42.77 20.62		0.5		106 108 213
sp	-2.36 -42.82 -25.71		1.22		171 253 118
sp	19.05 -42.87 17.31		0.79		178 200 185
sp	-25.65 -42.92 0.1		1.24		146 120 228
sp	18.79 -42.97 -17.35		1.5		246 153 102
sp	-2.13 -43.01 25.4		0.83		122 178 251
sp	-15.54 -43.06 -20.1		1.42		102 255 160
sp	24.96 -43.11 4.31		0.77		138 198 105
sp	-21.24 -43.16 13.63		1.37		162 163 224
sp	6.43 -43.21 -24.32		0.69		250 176 152
sp	11.65 -43.26 22.2		0.96		172 189 111
sp	-23.51 -43.31 -8.48		1.01		140 180 109
sp	22.98 -43.36 -9.6		0.85		153 121 182
sp	-10.43 -43.4 22.52		0.59		223 183 208
sp	-7.5 -43.45 -23.57		0.72		215 163 109
sp	21.38 -43.5 12.27		1.42		181 177 169
sp	-23.97 -43.55 5.37		1.48		101 185 222
sp	13.99 -43.6 -20.08		1.47		219 104 136
sp	3.23 -43.65 24.17		1.22		206 179 228
sp	-18.64 -43.7 -15.58		1.41		225 109 230
sp	24.19 -43.75 -1.1		0.79		185 163 106
sp	-17.03 -43.8 17.09		0.89		173 205 159
sp	1.01 -43.84 -24.01		0.96		185 208 254
sp	15.42 -43.89 18.32		1.42		218 175 209
sp	-23.65 -43.94 -3.08		0.94		235 121 110
sp	19.45 -43.99 -13.65		1.39		159 237 123
sp	-5.1 -44.04 23.12		1.28		203 244 236
sp	-11.81 -44.09 -20.41		1.31		221 125 205
sp	22.41 -44.14 7.05		1.07		135 217 194
sp	-21.2 -44.19 9.9		1.38		199 195 133
sp	8.91 -44.24 -21.54		1.35		169 113 105
sp	7.95 -44.28 21.81		1.3		181 150 205
sp	-20.51 -44.33 -10.67		1.31		105 102 181
sp	22.24 -44.38 -5.96		0.9		168 134 203
sp	-12.32 -44.43 19.34		0.74		121 165 217
sp	-3.96 -44.48 -22.49		0.76		179 215 150
sp	18.04 -44.53 13.85		0.72		111 135 165
sp	-22.56 -44.58 1.96		1.13		207 239 154
sp	15.25 -44.63 -16.62		1.35		238 244 126
sp	-0.02 -44.68 22.45		1.01		209 144 134
sp	-15.09 -44.72 -16.5		0.63		200 228 192
sp	22.17 -44.77 1.96		0.86		193 252 130
sp	-17.6 -44.82 13.47		1.24		115 131 197
sp	3.86 -44.87 -21.72		1.3		112 130 160
sp	11.77 -44.92 18.54		1.2		114 193 105
sp	-21.11 -44.97 -5.69		0.91		137 121 250
sp	19.32 -45.02 -10.01		1.07		147 194 182
sp	-7.45 -45.07 20.34		0.96		197 121 134
sp	-8.21 -45.11 -19.93		0.73		139 226 140
sp	19.42 -45.16 9.11		1.3		238 195 226
sp	-20.38 -45.21 6.37		0.65		192 184 199
sp	10.67 -45.26 -18.37		0.9		241 186 169
sp	4.52 -45.31 20.65		0.9		239 166 106
sp	-17.2 -45.36 -12.11		1.33		164 119 178
sp	20.76 -45.41 -2.67		1.16		250 177 154
sp	-13.43 -45.46 15.91		1.42		234 144 167
sp	-0.84 -45.51 -20.7		0.53		194 148 230
sp	14.53 -45.55 14.62		0.93		188 101 244
sp	-20.48 -45.6 -0.96		0.6		238 196 155
sp	15.67 -45.65 -13.05		1.12		247 181 121
sp	-2.72 -45.7 20.1		0.59		210 181 238
sp	-11.51 -45.75 -16.57		0.99		133 238 205
sp	19.57 -45.8 4.42		1.22		172 114 211
sp	-17.32 -45.85 9.9		0.96		127 133 226
sp	6.04 -45.9 -18.89		0.69		133 144 174
sp	8.26 -45.95 17.91		0.55		137 209 196
sp	-18.08 -45.99 -7.59		0.51		220 173 192
sp	18.35 -46.04 -6.58		0.96		178 218 157
sp	-9.03 -46.09 17.15		0.72		166 250 173
sp	-4.89 -46.14 -18.63		1.08		181 244 103
sp	16.09 -46.19 10.37		0.68		190 205 183
sp	-18.75 -46.24 3.21		1.4		174 207 166
sp	11.59 -46.29 -14.94		1.45		100 207 127
sp	1.54 -46.34 18.72		0.64		167 243 219
sp	-13.69 -46.38 -12.69		0.82		173 181 108
sp	18.54 -46.43 0.11		0.7		190 110 184
sp	-13.65 -46.48 12.37		1.49		120 121 129
sp	1.7 -46.53 -18.22		1.18		107 117 193
sp	10.98 -46.58 14.49		1.41		117 136 221
sp	-17.75 -46.63 -3.24		1.11		118 103 153
sp	15.18 -46.68 -9.53		0.72		211 120 148
sp	-4.72 -46.73 17.16		0.69		243 164 213
sp	-8.05 -46.78 -15.72		1.42		179 220 227
sp	16.44 -46.82 6.11		0.88		190 178 154
sp	-16.12 -46.87 6.55		1.4		105 106 104
sp	7.41 -46.92 -15.6		0.77		119 132 224
sp	5.04 -46.97 16.38		1.48		147 179 181
sp	-14.66 -47.02 -8.61		1.06		150 210 157
sp	16.49 -47.07 -3.53		1.04		156 234 243
sp	-9.7 -47.12 13.63		1.46		160 187 215
sp	-2.04 -47.17 -16.47		1.08		249 109 110
sp	12.52 -47.22 10.67		0.59		233 252 221
sp	-16.3 -47.26 0.58		0.89		119 175 227
sp	11.53 -47.31 -11.34		0.6		115 233 162
sp	-0.83 -47.36 16.0		0.81		203 157 219
sp	-10.11 -47.41 -12.25		1.16		229 230 145
sp	15.58 -47.46 2.19		0.66		241 109 125
sp	-12.84 -47.51 8.83		1.13		241 172 224
sp	3.47 -47.56 -15.04		1.38		212 152 139
sp	7.52 -47.61 13.31		0.51		113 182 210
sp	-14.39 -47.66 -4.68		1.41		111 248 197
sp	13.63 -47.7 -6.2		1.15		204 136 136
sp	-5.8 -47.75 13.64		0.67		249 242 249
sp	-4.88 -47.8 -13.83		0.97		241 205 224
sp	12.8 -47.85 6.82		1.36		236 150 179
sp	-13.89 -47.9 3.58		0.53		121 114 113
sp	7.73 -47.95 -11.88		1.49		102 183 121
sp	2.29 -48.0 13.82		1.14		205 232 150
sp	-10.9 -48.05 -8.54		1.39		174 150 200
sp	13.63 -48.09 -1.05		0.57		220 199 194
sp	-9.22 -48.14 9.86		0.61		139 214 216
sp	0.14 -48.19 -13.32		1.02		183 216 137
sp	8.78 -48.24 9.79		1.08		130 156 196
sp	-12.9 -48.29 -1.27		1.11		214 214 222
sp	10.22 -48.34 -7.67		1.41		155 211 217
sp	-2.32 -48.39 12.38		0.97		193 133 126
sp	-6.55 -48.44 -10.54		1.28		188 183 248
sp	11.76 -48.49 3.29		1.1		157 184 178
sp	-10.72 -48.53 5.43		1.01		189 241 104
sp	4.17 -48.58 -11.06		1.14		158 250 134
sp	4.32 -48.63 10.78		0.52		124 210 123
sp	-10.28 -48.68 -4.94		0.83		136 227 214
sp	10.72 -48.73 -3.24		0.76		235 188 204
sp	-5.61 -48.78 9.44		0.67		126 166 136
sp	-2.2 -48.83 -10.54		1.42		215 177 217
sp	8.56 -48.88 6.15		0.56		187 200 133
sp	-10.24 -48.93 1.22		0.56		210 232 234
sp	6.57 -48.97 -7.64		1.36		234 112 233
sp	0.3 -49.02 9.83		0.69		100 178 231
sp	-6.69 -49.07 -6.87		0.92		252 154 106
sp	9.32 -49.12 0.53		1.11		146 190 255
sp	-7.03 -49.17 5.74		1.46		111 250 169
sp	1.27 -49.22 -8.71		0.59		180 224 136
sp	4.8 -49.27 7.05		0.86		157 174 136
sp	-8.02 -49.32 -1.89		0.76		129 242 252
sp	6.93 -49.36 -3.88		0.79		227 218 125
sp	-2.4 -49.41 7.25		0.69		146 105 162
sp	-3.0 -49.46 -6.67		0.56		168 231 212
sp	6.4 -49.51 2.76		1.09		105 163 153
sp	-6.25 -49.56 2.17		0.62		162 240 147
sp	2.96 -49.61 -5.49		0.92		245 207 116
sp	1.43 -49.66 5.66		1.26		173 112 206
sp	-4.52 -49.71 -2.97		0.94		238 156 209
sp	4.87 -49.76 -0.78		1.29		133 131 175
sp	-2.74 -49.8 3.46		1.35		231 254 230
sp	-0.28 -49.85 -3.82		1.37		169 138 133
sp	2.27 -49.9 2.15		1.21		140 100 246
sp	-2.21 -49.95 -0.03		0.63		163 164 203
sp	0.0 -50.0 -0.0		0.98		108 195 243
