C	209 191 -145		-0.45 -0.3 1		95


A	1.0		32 32 32 0.02


q		-50 130 0		1 0 0	100	20	64 64 64 0 0 0 0
q		-50 100 0		1 0 0	100 20	64 64 64 0 0 0 0
q		-50 70  0		1 0 0	100	20	64 64 64 0 0 0 0

q		-50 100 -30		1 0 0	20	100	64 64 64 0 0 0 0
q		-50 100 0		1 0 0	20 100	64 64 64 0 0 0 0
q		-50 100 30		1 0 0	20	100	64 64 64 0 0 0 0

q		50 130 0		1 0 0	100	20	64 64 64 0 0 0 0
q		50 100 0		1 0 0	100 20	64 64 64 0 0 0 0
q		50 70  0		1 0 0	100	20	64 64 64 0 0 0 0

q		50 100 -30		1 0 0	20	100	64 64 64 0 0 0 0
q		50 100 0		1 0 0	20 100	64 64 64 0 0 0 0
q		50 100 30		1 0 0	20	100	64 64 64 0 0 0 0





q		0 130 -50		0 0 1	20 100	64 64 64 0 0 0 0
q		0 100 -50		0 0 1	20 100	64 64 64 0 0 0 0
q		0 70  -50		0 0 1	20 100	64 64 64 0 0 0 0

q		-30 100 -50		0 0 1	100	20	64 64 64 0 0 0 0
q		0 100 -50		0 0 1	100 20	64 64 64 0 0 0 0
q		30 100 -50		0 0 1	100	20	64 64 64 0 0 0 0

q		0 130 50		0 0 1	20 100	64 64 64 0 0 0 0
q		0 100 50		0 0 1	20 100	64 64 64 0 0 0 0
q		0 70  50		0 0 1	20 100	64 64 64 0 0 0 0

q		-30 100 50		0 0 1	100	20	64 64 64 0 0 0 0
q		0 100 50		0 0 1	100 20	64 64 64 0 0 0 0
q		30 100 50		0 0 1	100	20	64 64 64 0 0 0 0



q		-30 150	0	0 1 0	100 20	64 64 64 0 0 0 0
q		0 150	0	0 1 0	100 20	64 64 64 0 0 0 0
q		30  150	0	0 1 0	100 20	64 64 64 0 0 0 0

q		0 150	-30	0 1 0	20 100	64 64 64 0 0 0 0
q		0 150	0	0 1 0	20 100	64 64 64 0 0 0 0
q		0 150	30	0 1 0	20 100	64 64 64 0 0 0 0

q		-30 50	0	0 1 0	100 20	64 64 64 0 0 0 0
q		0 50	0	0 1 0	100 20	64 64 64 0 0 0 0
q		30  50	0	0 1 0	100 20	64 64 64 0 0 0 0

q		0 50	-30	0 1 0	20 100	64 64 64 0 0 0 0
q		0 50	0	0 1 0	20 100	64 64 64 0 0 0 0
q		0 50	30	0 1 0	20 100	64 64 64 0 0 0 0


sp 100 200 0 		15  		255 65 65 0 0 10 0

sp 0 200 0  15  255 255 255  0 0 0 1.25