C	0 15 -40		0 0.2 1		85


A	1.0		64 64 64


L	10 10 10		0.5		255 255 255


sp	0 0 0		10.0		50 100 255
sp	25.96 -15.03 0.0		4.0		90 120 255
sp	37.92 -14.06 0.0		1.6		130 140 255
sp	39.2 -9.44 0.0		0.64		170 160 255
sp	41.09 -9.77 0.0		0.26		210 180 255
sp	40.15 -9.67 1.65		0.26		210 180 255
sp	38.69 -11.06 0.88		0.26		210 180 255
sp	37.71 -10.64 0.0		0.26		210 180 255
sp	38.27 -8.95 -1.61		0.26		210 180 255
sp	40.16 -9.28 -1.66		0.26		210 180 255
sp	38.11 -18.85 0.32		0.64		170 160 255
sp	38.29 -20.76 0.32		0.26		210 180 255
sp	38.77 -20.23 1.47		0.26		210 180 255
sp	37.95 -20.74 0.59		0.26		210 180 255
sp	36.24 -19.3 0.32		0.26		210 180 255
sp	37.84 -20.69 -0.14		0.26		210 180 255
sp	38.92 -19.85 -1.1		0.26		210 180 255
sp	35.89 -11.5 3.51		0.64		170 160 255
sp	37.53 -10.49 3.51		0.26		210 180 255
sp	36.56 -12.88 4.66		0.26		210 180 255
sp	34.94 -11.62 5.17		0.26		210 180 255
sp	34.33 -10.38 3.51		0.26		210 180 255
sp	35.08 -12.51 2.1		0.26		210 180 255
sp	36.0 -13.4 3.33		0.26		210 180 255
sp	36.54 -18.66 0.0		0.64		170 160 255
sp	38.27 -17.82 0.0		0.26		210 180 255
sp	37.49 -18.91 1.65		0.26		210 180 255
sp	36.23 -20.48 0.53		0.26		210 180 255
sp	36.43 -16.74 0.0		0.26		210 180 255
sp	36.51 -16.74 -0.05		0.26		210 180 255
sp	37.49 -18.98 -1.64		0.26		210 180 255
sp	35.81 -16.35 -3.65		0.64		170 160 255
sp	36.17 -18.24 -3.65		0.26		210 180 255
sp	36.74 -15.88 -2.04		0.26		210 180 255
sp	34.94 -15.57 -2.13		0.26		210 180 255
sp	33.9 -16.45 -3.65		0.26		210 180 255
sp	34.85 -16.32 -5.32		0.26		210 180 255
sp	36.75 -16.72 -5.29		0.26		210 180 255
sp	38.85 -18.49 -1.6		0.64		170 160 255
sp	39.79 -20.17 -1.6		0.26		210 180 255
sp	39.8 -18.75 0.05		0.26		210 180 255
sp	38.09 -19.67 -0.29		0.26		210 180 255
sp	37.16 -17.57 -1.6		0.26		210 180 255
sp	38.31 -20.09 -2.53		0.26		210 180 255
sp	39.3 -16.8 -2.39		0.26		210 180 255
sp	31.59 -19.18 9.75		1.6		130 140 255
sp	36.14 -20.72 9.75		0.64		170 160 255
sp	37.39 -22.18 9.75		0.26		210 180 255
sp	37.08 -21.11 11.38		0.26		210 180 255
sp	36.1 -22.64 9.82		0.26		210 180 255
sp	34.38 -21.49 9.75		0.26		210 180 255
sp	35.52 -22.19 8.68		0.26		210 180 255
sp	37.01 -19.92 8.24		0.26		210 180 255
sp	31.69 -23.98 9.92		0.64		170 160 255
sp	32.96 -25.42 9.92		0.26		210 180 255
sp	32.0 -22.16 10.45		0.26		210 180 255
sp	30.75 -24.43 11.53		0.26		210 180 255
sp	30.15 -25.13 9.92		0.26		210 180 255
sp	31.65 -25.9 9.85		0.26		210 180 255
sp	31.8 -22.07 9.73		0.26		210 180 255
sp	31.09 -14.49 10.61		0.64		170 160 255
sp	32.58 -13.28 10.61		0.26		210 180 255
sp	31.65 -12.92 11.57		0.26		210 180 255
sp	31.04 -12.57 10.71		0.26		210 180 255
sp	29.22 -14.89 10.61		0.26		210 180 255
sp	30.29 -13.43 9.23		0.26		210 180 255
sp	31.57 -16.16 9.79		0.26		210 180 255
sp	27.17 -21.06 9.75		0.64		170 160 255
sp	28.28 -22.63 9.75		0.26		210 180 255
sp	27.69 -22.68 10.65		0.26		210 180 255
sp	26.47 -19.76 10.97		0.26		210 180 255
sp	25.65 -19.89 9.75		0.26		210 180 255
sp	26.66 -22.69 8.87		0.26		210 180 255
sp	27.48 -19.24 9.23		0.26		210 180 255
sp	30.13 -15.38 7.22		0.64		170 160 255
sp	31.33 -13.88 7.22		0.26		210 180 255
sp	31.08 -15.12 8.87		0.26		210 180 255
sp	29.19 -15.79 8.84		0.26		210 180 255
sp	29.99 -13.46 7.22		0.26		210 180 255
sp	29.65 -13.71 6.39		0.26		210 180 255
sp	30.94 -14.34 5.82		0.26		210 180 255
sp	32.2 -14.54 8.69		0.64		170 160 255
sp	33.88 -13.61 8.69		0.26		210 180 255
sp	32.28 -12.63 8.82		0.26		210 180 255
sp	31.98 -16.41 9.08		0.26		210 180 255
sp	31.84 -16.43 8.69		0.26		210 180 255
sp	31.76 -16.25 7.92		0.26		210 180 255
sp	32.93 -13.3 7.43		0.26		210 180 255
sp	24.69 -26.76 2.19		1.6		130 140 255
sp	28.55 -23.91 2.19		0.64		170 160 255
sp	29.36 -25.65 2.19		0.26		210 180 255
sp	28.77 -22.03 2.56		0.26		210 180 255
sp	27.59 -23.85 3.86		0.26		210 180 255
sp	27.07 -22.69 2.19		0.26		210 180 255
sp	27.75 -22.87 0.8		0.26		210 180 255
sp	29.13 -25.44 1.19		0.26		210 180 255
sp	27.05 -25.89 6.28		0.64		170 160 255
sp	28.17 -24.32 6.28		0.26		210 180 255
sp	27.87 -24.88 7.7		0.26		210 180 255
sp	26.22 -24.92 7.72		0.26		210 180 255
sp	26.91 -23.97 6.28		0.26		210 180 255
sp	26.2 -25.02 4.8		0.26		210 180 255
sp	27.24 -27.77 5.97		0.26		210 180 255
sp	22.32 -26.03 6.3		0.64		170 160 255
sp	23.61 -27.45 6.3		0.26		210 180 255
sp	22.73 -24.29 7.0		0.26		210 180 255
sp	21.63 -27.37 7.49		0.26		210 180 255
sp	22.25 -27.95 6.3		0.26		210 180 255
sp	21.72 -24.53 5.26		0.26		210 180 255
sp	22.8 -24.36 5.48		0.26		210 180 255
sp	21.09 -29.93 2.19		0.64		170 160 255
sp	22.7 -30.98 2.19		0.26		210 180 255
sp	22.05 -30.03 3.85		0.26		210 180 255
sp	20.8 -28.1 2.69		0.26		210 180 255
sp	19.46 -30.95 2.19		0.26		210 180 255
sp	20.15 -29.56 0.56		0.26		210 180 255
sp	21.09 -28.01 2.18		0.26		210 180 255
sp	22.3 -26.81 -1.96		0.64		170 160 255
sp	23.02 -25.04 -1.96		0.26		210 180 255
sp	22.58 -24.98 -1.47		0.26		210 180 255
sp	21.34 -26.77 -0.3		0.26		210 180 255
sp	21.96 -24.92 -1.96		0.26		210 180 255
sp	21.67 -25.35 -3.05		0.26		210 180 255
sp	23.07 -27.93 -3.31		0.26		210 180 255
sp	26.01 -30.78 -0.08		0.64		170 160 255
sp	26.25 -28.87 -0.08		0.26		210 180 255
sp	26.74 -32.02 1.18		0.26		210 180 255
sp	25.85 -28.88 0.19		0.26		210 180 255
sp	24.25 -31.55 -0.08		0.26		210 180 255
sp	25.05 -30.79 -1.75		0.26		210 180 255
sp	26.86 -31.67 -1.56		0.26		210 180 255
sp	13.99 -14.21 0.0		1.6		130 140 255
sp	18.46 -15.96 0.0		0.64		170 160 255
sp	19.67 -14.46 0.0		0.26		210 180 255
sp	19.41 -15.62 1.64		0.26		210 180 255
sp	17.5 -15.98 1.66		0.26		210 180 255
sp	18.24 -14.05 0.0		0.26		210 180 255
sp	18.03 -14.24 -0.74		0.26		210 180 255
sp	18.87 -14.22 -0.71		0.26		210 180 255
sp	16.28 -12.77 3.96		0.64		170 160 255
sp	17.52 -14.23 3.96		0.26		210 180 255
sp	16.86 -14.3 4.98		0.26		210 180 255
sp	16.16 -14.68 4.17		0.26		210 180 255
sp	14.54 -11.96 3.96		0.26		210 180 255
sp	15.49 -13.88 2.61		0.26		210 180 255
sp	16.97 -14.1 2.76		0.26		210 180 255
sp	12.46 -17.91 2.65		0.64		170 160 255
sp	12.84 -19.8 2.65		0.26		210 180 255
sp	13.27 -18.96 4.04		0.26		210 180 255
sp	11.9 -19.47 3.62		0.26		210 180 255
sp	10.56 -17.64 2.65		0.26		210 180 255
sp	11.75 -16.62 1.42		0.26		210 180 255
sp	13.4 -18.32 1.02		0.26		210 180 255
sp	9.19 -14.01 0.0		0.64		170 160 255
sp	11.06 -14.47 0.0		0.26		210 180 255
sp	9.61 -15.74 0.72		0.26		210 180 255
sp	8.8 -15.75 0.69		0.26		210 180 255
sp	7.28 -14.07 0.0		0.26		210 180 255
sp	8.24 -13.88 -1.66		0.26		210 180 255
sp	10.03 -14.96 -1.44		0.26		210 180 255
sp	12.78 -18.36 -2.1		0.64		170 160 255
sp	14.28 -17.16 -2.1		0.26		210 180 255
sp	13.69 -18.96 -0.52		0.26		210 180 255
sp	11.84 -17.92 -0.48		0.26		210 180 255
sp	11.12 -19.32 -2.1		0.26		210 180 255
sp	11.83 -18.01 -3.73		0.26		210 180 255
sp	13.27 -20.0 -2.96		0.26		210 180 255
sp	15.98 -16.89 -3.45		0.64		170 160 255
sp	17.38 -18.2 -3.45		0.26		210 180 255
sp	16.76 -18.0 -2.1		0.26		210 180 255
sp	15.05 -17.34 -1.84		0.26		210 180 255
sp	15.4 -18.71 -3.45		0.26		210 180 255
sp	15.07 -17.5 -5.03		0.26		210 180 255
sp	16.28 -18.71 -3.96		0.26		210 180 255
sp	21.05 -8.13 -8.5		1.6		130 140 255
sp	24.51 -11.46 -8.5		0.64		170 160 255
sp	25.98 -12.7 -8.5		0.26		210 180 255
sp	24.67 -13.35 -8.24		0.26		210 180 255
sp	23.88 -12.9 -7.4		0.26		210 180 255
sp	22.69 -10.85 -8.5		0.26		210 180 255
sp	23.7 -12.46 -9.92		0.26		210 180 255
sp	24.79 -13.3 -8.98		0.26		210 180 255
sp	22.11 -12.44 -6.68		0.64		170 160 255
sp	22.77 -10.64 -6.68		0.26		210 180 255
sp	22.34 -14.31 -6.28		0.26		210 180 255
sp	21.67 -10.73 -5.92		0.26		210 180 255
sp	20.19 -12.45 -6.68		0.26		210 180 255
sp	21.37 -13.67 -7.96		0.26		210 180 255
sp	22.66 -10.87 -7.63		0.26		210 180 255
sp	20.62 -12.85 -7.75		0.64		170 160 255
sp	21.6 -14.5 -7.75		0.26		210 180 255
sp	21.5 -12.11 -6.21		0.26		210 180 255
sp	19.95 -11.48 -6.58		0.26		210 180 255
sp	18.7 -13.01 -7.75		0.26		210 180 255
sp	19.7 -12.26 -9.33		0.26		210 180 255
sp	21.21 -14.36 -8.77		0.26		210 180 255
sp	18.41 -4.13 -8.5		0.64		170 160 255
sp	19.86 -2.88 -8.5		0.26		210 180 255
sp	19.09 -2.79 -7.31		0.26		210 180 255
sp	18.17 -2.27 -8.09		0.26		210 180 255
sp	17.05 -2.77 -8.5		0.26		210 180 255
sp	17.58 -5.11 -9.93		0.26		210 180 255
sp	18.61 -2.25 -8.85		0.26		210 180 255
sp	20.82 -12.91 -8.91		0.64		170 160 255
sp	21.02 -14.82 -8.91		0.26		210 180 255
sp	21.69 -13.71 -7.4		0.26		210 180 255
sp	20.42 -14.66 -8.22		0.26		210 180 255
sp	19.27 -11.77 -8.91		0.26		210 180 255
sp	20.46 -14.69 -9.53		0.26		210 180 255
sp	21.55 -11.68 -10.18		0.26		210 180 255
sp	23.22 -10.18 -12.26		0.64		170 160 255
sp	23.6 -8.3 -12.26		0.26		210 180 255
sp	23.98 -11.36 -10.95		0.26		210 180 255
sp	22.73 -8.53 -11.41		0.26		210 180 255
sp	22.41 -11.92 -12.26		0.26		210 180 255
sp	22.35 -9.39 -13.78		0.26		210 180 255
sp	24.12 -10.86 -13.82		0.26		210 180 255
sp	31.01 -8.55 -8.75		1.6		130 140 255
sp	35.21 -10.88 -8.75		0.64		170 160 255
sp	35.25 -8.96 -8.75		0.26		210 180 255
sp	35.57 -12.65 -8.12		0.26		210 180 255
sp	34.69 -9.26 -7.85		0.26		210 180 255
sp	35.18 -12.8 -8.75		0.26		210 180 255
sp	35.01 -9.0 -9.1		0.26		210 180 255
sp	36.14 -11.35 -10.36		0.26		210 180 255
sp	31.22 -3.77 -8.39		0.64		170 160 255
sp	33.05 -4.34 -8.39		0.26		210 180 255
sp	32.13 -4.38 -6.81		0.26		210 180 255
sp	30.3 -3.17 -6.81		0.26		210 180 255
sp	29.91 -2.36 -8.39		0.26		210 180 255
sp	30.26 -3.98 -10.04		0.26		210 180 255
sp	32.0 -2.65 -9.74		0.26		210 180 255
sp	30.69 -13.31 -8.19		0.64		170 160 255
sp	30.85 -15.22 -8.19		0.26		210 180 255
sp	31.27 -14.85 -7.2		0.26		210 180 255
sp	30.61 -15.22 -8.06		0.26		210 180 255
sp	28.78 -13.1 -8.19		0.26		210 180 255
sp	30.51 -11.42 -8.51		0.26		210 180 255
sp	31.41 -12.02 -9.43		0.26		210 180 255
sp	29.99 -3.86 -8.75		0.64		170 160 255
sp	30.14 -5.77 -8.75		0.26		210 180 255
sp	30.22 -1.99 -8.35		0.26		210 180 255
sp	29.74 -2.01 -8.31		0.26		210 180 255
sp	28.25 -3.06 -8.75		0.26		210 180 255
sp	29.04 -3.94 -10.41		0.26		210 180 255
sp	30.9 -4.52 -10.31		0.26		210 180 255
sp	28.66 -7.54 -12.81		0.64		170 160 255
sp	30.35 -6.62 -12.81		0.26		210 180 255
sp	29.28 -9.0 -11.73		0.26		210 180 255
sp	27.71 -7.66 -11.15		0.26		210 180 255
sp	27.2 -6.3 -12.81		0.26		210 180 255
sp	27.81 -8.4 -14.3		0.26		210 180 255
sp	29.22 -9.11 -13.77		0.26		210 180 255
sp	33.33 -9.75 -12.77		0.64		170 160 255
sp	34.26 -8.06 -12.77		0.26		210 180 255
sp	33.83 -11.39 -11.91		0.26		210 180 255
sp	32.59 -8.53 -11.48		0.26		210 180 255
sp	31.81 -8.58 -12.77		0.26		210 180 255
sp	33.32 -11.67 -12.79		0.26		210 180 255
sp	34.24 -9.09 -14.33		0.26		210 180 255
sp	13.81 -11.72 23.92		4.0		90 120 255
sp	25.34 -8.4 23.92		1.6		130 140 255
sp	28.37 -4.68 23.92		0.64		170 160 255
sp	30.01 -3.67 23.92		0.26		210 180 255
sp	28.9 -3.07 24.83		0.26		210 180 255
sp	28.35 -2.76 23.95		0.26		210 180 255
sp	28.0 -2.79 23.92		0.26		210 180 255
sp	28.32 -2.76 23.82		0.26		210 180 255
sp	29.32 -4.4 22.27		0.26		210 180 255
sp	27.6 -10.02 27.83		0.64		170 160 255
sp	29.02 -8.73 27.83		0.26		210 180 255
sp	28.38 -8.9 29.18		0.26		210 180 255
sp	27.6 -8.1 27.83		0.26		210 180 255
sp	26.85 -8.25 27.83		0.26		210 180 255
sp	27.31 -11.85 27.34		0.26		210 180 255
sp	28.16 -8.46 26.86		0.26		210 180 255
sp	23.37 -11.15 27.32		0.64		170 160 255
sp	24.89 -12.32 27.32		0.26		210 180 255
sp	24.19 -12.16 28.73		0.26		210 180 255
sp	22.57 -12.21 28.71		0.26		210 180 255
sp	21.47 -10.86 27.32		0.26		210 180 255
sp	22.42 -11.36 25.67		0.26		210 180 255
sp	23.89 -12.77 26.43		0.26		210 180 255
sp	22.23 -4.74 23.92		0.64		170 160 255
sp	23.99 -5.5 23.92		0.26		210 180 255
sp	22.37 -2.84 24.16		0.26		210 180 255
sp	21.47 -3.56 25.23		0.26		210 180 255
sp	20.32 -4.95 23.92		0.26		210 180 255
sp	21.92 -6.56 23.39		0.26		210 180 255
sp	23.03 -3.69 22.53		0.26		210 180 255
sp	22.98 -7.5 19.83		0.64		170 160 255
sp	24.89 -7.27 19.83		0.26		210 180 255
sp	23.87 -6.8 21.38		0.26		210 180 255
sp	22.1 -6.75 21.36		0.26		210 180 255
sp	21.13 -8.0 19.83		0.26		210 180 255
sp	22.89 -5.59 19.68		0.26		210 180 255
sp	23.9 -6.92 18.25		0.26		210 180 255
sp	27.54 -6.49 20.1		0.64		170 160 255
sp	28.55 -8.13 20.1		0.26		210 180 255
sp	27.74 -8.37 20.45		0.26		210 180 255
sp	26.58 -6.55 21.76		0.26		210 180 255
sp	26.8 -4.72 20.1		0.26		210 180 255
sp	26.6 -6.11 18.47		0.26		210 180 255
sp	28.48 -6.88 18.47		0.26		210 180 255
sp	17.52 -21.15 30.35		1.6		130 140 255
sp	22.03 -19.51 30.35		0.64		170 160 255
sp	23.56 -18.34 30.35		0.26		210 180 255
sp	22.29 -21.36 30.79		0.26		210 180 255
sp	21.92 -21.42 30.55		0.26		210 180 255
sp	20.21 -18.9 30.35		0.26		210 180 255
sp	21.42 -20.99 29.29		0.26		210 180 255
sp	22.71 -18.15 29.18		0.26		210 180 255
sp	17.55 -25.95 30.4		0.64		170 160 255
sp	18.77 -27.43 30.4		0.26		210 180 255
sp	17.6 -24.03 30.48		0.26		210 180 255
sp	16.6 -25.68 32.04		0.26		210 180 255
sp	16.45 -24.37 30.4		0.26		210 180 255
sp	16.65 -26.63 28.84		0.26		210 180 255
sp	18.12 -27.49 29.41		0.26		210 180 255
sp	15.64 -18.16 33.6		0.64		170 160 255
sp	16.34 -16.37 33.6		0.26		210 180 255
sp	15.74 -16.25 33.77		0.26		210 180 255
sp	14.69 -17.93 35.25		0.26		210 180 255
sp	14.34 -19.56 33.6		0.26		210 180 255
sp	14.8 -17.23 32.15		0.26		210 180 255
sp	15.75 -16.25 33.42		0.26		210 180 255
sp	14.62 -17.32 30.35		0.64		170 160 255
sp	15.1 -19.18 30.35		0.26		210 180 255
sp	15.54 -16.8 31.95		0.26		210 180 255
sp	13.69 -17.8 31.96		0.26		210 180 255
sp	12.95 -18.27 30.35		0.26		210 180 255
sp	13.83 -18.4 28.97		0.26		210 180 255
sp	15.29 -15.94 29.19		0.26		210 180 255
sp	15.79 -17.81 27.35		0.64		170 160 255
sp	17.67 -17.43 27.35		0.26		210 180 255
sp	16.39 -16.32 28.4		0.26		210 180 255
sp	14.84 -17.65 29.01		0.26		210 180 255
sp	15.33 -19.68 27.35		0.26		210 180 255
sp	15.74 -15.9 27.25		0.26		210 180 255
sp	16.53 -19.04 26.08		0.26		210 180 255
sp	18.99 -24.94 27.81		0.64		170 160 255
sp	19.87 -26.65 27.81		0.26		210 180 255
sp	19.25 -23.09 28.25		0.26		210 180 255
sp	18.04 -25.24 29.45		0.26		210 180 255
sp	17.09 -25.25 27.81		0.26		210 180 255
sp	18.03 -24.96 26.14		0.26		210 180 255
sp	19.73 -26.18 26.53		0.26		210 180 255
sp	7.82 -12.38 34.29		1.6		130 140 255
sp	11.63 -9.46 34.29		0.64		170 160 255
sp	13.32 -10.37 34.29		0.26		210 180 255
sp	12.34 -8.18 35.53		0.26		210 180 255
sp	10.8 -8.51 35.74		0.26		210 180 255
sp	10.31 -8.06 34.29		0.26		210 180 255
sp	11.12 -11.08 33.4		0.26		210 180 255
sp	11.95 -11.27 33.75		0.26		210 180 255
sp	10.15 -11.25 38.33		0.64		170 160 255
sp	11.11 -9.58 38.33		0.26		210 180 255
sp	10.3 -13.14 38.6		0.26		210 180 255
sp	10.14 -13.17 38.35		0.26		210 180 255
sp	8.28 -11.7 38.33		0.26		210 180 255
sp	9.41 -10.03 37.05		0.26		210 180 255
sp	10.35 -13.13 37.99		0.26		210 180 255
sp	6.13 -15.78 37.22		0.64		170 160 255
sp	6.15 -17.7 37.22		0.26		210 180 255
sp	6.48 -14.0 37.83		0.26		210 180 255
sp	5.18 -15.46 38.86		0.26		210 180 255
sp	4.58 -14.65 37.22		0.26		210 180 255
sp	5.48 -14.37 36.1		0.26		210 180 255
sp	6.25 -17.68 37.0		0.26		210 180 255
sp	3.77 -14.95 34.29		0.64		170 160 255
sp	5.52 -15.73 34.29		0.26		210 180 255
sp	4.44 -16.32 35.46		0.26		210 180 255
sp	3.11 -13.55 35.43		0.26		210 180 255
sp	2.08 -15.88 34.29		0.26		210 180 255
sp	2.97 -16.03 32.92		0.26		210 180 255
sp	4.22 -13.26 33.51		0.26		210 180 255
sp	5.72 -10.03 30.67		0.64		170 160 255
sp	7.09 -8.68 30.67		0.26		210 180 255
sp	6.58 -10.88 32.16		0.26		210 180 255
sp	4.92 -11.08 32.06		0.26		210 180 255
sp	3.81 -10.13 30.67		0.26		210 180 255
sp	5.05 -11.4 29.5		0.26		210 180 255
sp	6.29 -8.48 29.69		0.26		210 180 255
sp	10.22 -12.35 30.14		0.64		170 160 255
sp	12.12 -12.61 30.14		0.26		210 180 255
sp	11.01 -11.29 31.52		0.26		210 180 255
sp	9.67 -13.93 31.08		0.26		210 180 255
sp	10.18 -10.43 30.14		0.26		210 180 255
sp	9.57 -10.94 29.01		0.26		210 180 255
sp	10.91 -13.69 28.94		0.26		210 180 255
sp	13.21 -23.71 23.92		1.6		130 140 255
sp	15.16 -19.32 23.92		0.64		170 160 255
sp	16.93 -20.06 23.92		0.26		210 180 255
sp	15.91 -18.11 25.21		0.26		210 180 255
sp	14.74 -17.6 24.65		0.26		210 180 255
sp	13.5 -20.29 23.92		0.26		210 180 255
sp	14.95 -17.45 23.55		0.26		210 180 255
sp	16.1 -18.92 22.29		0.26		210 180 255
sp	15.51 -25.08 27.9		0.64		170 160 255
sp	16.18 -26.88 27.9		0.26		210 180 255
sp	16.1 -23.57 28.92		0.26		210 180 255
sp	14.55 -25.0 29.56		0.26		210 180 255
sp	14.4 -23.52 27.9		0.26		210 180 255
sp	14.62 -24.36 26.36		0.26		210 180 255
sp	15.53 -23.16 27.87		0.26		210 180 255
sp	11.84 -19.77 26.29		0.64		170 160 255
sp	12.05 -17.86 26.29		0.26		210 180 255
sp	12.8 -19.81 27.96		0.26		210 180 255
sp	11.74 -21.68 26.47		0.26		210 180 255
sp	10.16 -20.7 26.29		0.26		210 180 255
sp	11.72 -21.67 26.1		0.26		210 180 255
sp	12.75 -19.16 24.72		0.26		210 180 255
sp	9.48 -20.69 23.92		0.64		170 160 255
sp	11.18 -21.58 23.92		0.26		210 180 255
sp	10.31 -21.63 25.37		0.26		210 180 255
sp	8.52 -20.92 25.57		0.26		210 180 255
sp	7.63 -21.21 23.92		0.26		210 180 255
sp	8.56 -21.3 22.34		0.26		210 180 255
sp	10.44 -20.7 22.25		0.26		210 180 255
sp	10.88 -24.87 19.88		0.64		170 160 255
sp	11.78 -26.57 19.88		0.26		210 180 255
sp	11.79 -25.52 21.45		0.26		210 180 255
sp	10.06 -23.9 21.32		0.26		210 180 255
sp	9.29 -25.95 19.88		0.26		210 180 255
sp	10.73 -22.98 19.61		0.26		210 180 255
sp	11.81 -24.41 18.27		0.26		210 180 255
sp	14.5 -27.75 21.68		0.64		170 160 255
sp	15.81 -29.15 21.68		0.26		210 180 255
sp	15.28 -28.87 23.04		0.26		210 180 255
sp	13.65 -28.66 23.15		0.26		210 180 255
sp	12.95 -26.62 21.68		0.26		210 180 255
sp	14.01 -29.4 20.83		0.26		210 180 255
sp	15.32 -28.74 20.26		0.26		210 180 255
sp	13.44 -23.7 23.28		1.6		130 140 255
sp	14.28 -28.42 23.28		0.64		170 160 255
sp	15.55 -29.86 23.28		0.26		210 180 255
sp	15.08 -27.37 24.67		0.26		210 180 255
sp	13.37 -29.03 24.85		0.26		210 180 255
sp	13.41 -26.71 23.28		0.26		210 180 255
sp	13.43 -29.34 21.82		0.26		210 180 255
sp	15.09 -27.41 21.86		0.26		210 180 255
sp	13.98 -28.37 24.22		0.64		170 160 255
sp	15.06 -29.96 24.22		0.26		210 180 255
sp	14.92 -28.8 25.84		0.26		210 180 255
sp	13.07 -28.95 25.81		0.26		210 180 255
sp	12.16 -28.96 24.22		0.26		210 180 255
sp	13.33 -26.96 23.1		0.26		210 180 255
sp	14.4 -26.65 23.49		0.26		210 180 255
sp	11.14 -25.09 27.25		0.64		170 160 255
sp	11.17 -23.17 27.25		0.26		210 180 255
sp	11.35 -26.96 27.62		0.26		210 180 255
sp	10.61 -26.69 28.18		0.26		210 180 255
sp	9.92 -26.57 27.25		0.26		210 180 255
sp	10.61 -26.69 26.34		0.26		210 180 255
sp	12.09 -25.32 25.6		0.26		210 180 255
sp	10.59 -27.56 23.28		0.64		170 160 255
sp	11.68 -29.15 23.28		0.26		210 180 255
sp	11.54 -27.3 24.92		0.26		210 180 255
sp	9.75 -28.49 24.73		0.26		210 180 255
sp	8.75 -28.12 23.28		0.26		210 180 255
sp	10.55 -29.48 23.2		0.26		210 180 255
sp	11.54 -27.27 21.63		0.26		210 180 255
sp	12.41 -19.36 21.49		0.64		170 160 255
sp	13.11 -17.58 21.49		0.26		210 180 255
sp	13.29 -20.12 23.02		0.26		210 180 255
sp	12.09 -21.17 22.05		0.26		210 180 255
sp	11.11 -20.78 21.49		0.26		210 180 255
sp	11.68 -20.61 20.23		0.26		210 180 255
sp	13.35 -19.68 19.85		0.26		210 180 255
sp	15.74 -22.3 19.3		0.64		170 160 255
sp	17.05 -20.91 19.3		0.26		210 180 255
sp	15.9 -20.41 19.58		0.26		210 180 255
sp	14.96 -23.44 20.64		0.26		210 180 255
sp	15.48 -24.21 19.3		0.26		210 180 255
sp	15.31 -20.58 18.57		0.26		210 180 255
sp	16.38 -20.87 18.19		0.26		210 180 255
sp	16.1 -0.63 19.94		1.6		130 140 255
sp	18.34 3.61 19.94		0.64		170 160 255
sp	19.31 1.96 19.94		0.26		210 180 255
sp	18.46 5.52 20.14		0.26		210 180 255
sp	17.5 2.69 21.4		0.26		210 180 255
sp	17.37 1.95 19.94		0.26		210 180 255
sp	17.46 4.37 18.41		0.26		210 180 255
sp	19.25 4.25 18.37		0.26		210 180 255
sp	17.11 -4.99 21.68		0.64		170 160 255
sp	18.68 -3.89 21.68		0.26		210 180 255
sp	17.82 -3.72 22.92		0.26		210 180 255
sp	16.79 -3.18 22.23		0.26		210 180 255
sp	16.12 -3.35 21.68		0.26		210 180 255
sp	16.54 -3.44 20.7		0.26		210 180 255
sp	18.05 -5.34 20.04		0.26		210 180 255
sp	14.11 2.03 23.4		0.64		170 160 255
sp	15.57 3.27 23.4		0.26		210 180 255
sp	14.87 0.85 24.72		0.26		210 180 255
sp	13.63 0.37 24.23		0.26		210 180 255
sp	12.34 1.26 23.4		0.26		210 180 255
sp	13.24 1.19 21.91		0.26		210 180 255
sp	14.79 3.37 22.21		0.26		210 180 255
sp	15.82 -5.42 19.94		0.64		170 160 255
sp	16.89 -3.83 19.94		0.26		210 180 255
sp	16.68 -4.56 21.43		0.26		210 180 255
sp	15.48 -7.22 20.54		0.26		210 180 255
sp	13.9 -5.39 19.94		0.26		210 180 255
sp	15.04 -6.55 18.6		0.26		210 180 255
sp	15.9 -3.51 19.79		0.26		210 180 255
sp	14.66 -4.47 17.45		0.64		170 160 255
sp	15.45 -6.22 17.45		0.26		210 180 255
sp	15.62 -4.69 19.1		0.26		210 180 255
sp	13.75 -3.88 19.03		0.26		210 180 255
sp	13.93 -2.7 17.45		0.26		210 180 255
sp	13.97 -3.14 16.25		0.26		210 180 255
sp	15.38 -5.75 16.2		0.26		210 180 255
sp	17.52 -4.51 17.49		0.64		170 160 255
sp	19.28 -3.74 17.49		0.26		210 180 255
sp	18.39 -5.32 19.0		0.26		210 180 255
sp	16.6 -3.97 19.08		0.26		210 180 255
sp	15.6 -4.49 17.49		0.26		210 180 255
sp	16.61 -3.9 15.91		0.26		210 180 255
sp	18.14 -5.98 16.42		0.26		210 180 255
sp	-7.2 -26.32 12.47		4.0		90 120 255
sp	2.85 -32.88 12.47		1.6		130 140 255
sp	7.56 -31.96 12.47		0.64		170 160 255
sp	7.83 -33.86 12.47		0.26		210 180 255
sp	7.84 -33.8 12.95		0.26		210 180 255
sp	6.69 -32.78 13.97		0.26		210 180 255
sp	7.42 -33.88 12.47		0.26		210 180 255
sp	6.94 -30.49 11.4		0.26		210 180 255
sp	8.04 -33.63 11.64		0.26		210 180 255
sp	4.58 -29.56 15.47		0.64		170 160 255
sp	4.7 -27.64 15.47		0.26		210 180 255
sp	4.73 -31.45 15.73		0.26		210 180 255
sp	4.38 -31.44 15.81		0.26		210 180 255
sp	4.03 -27.72 15.47		0.26		210 180 255
sp	4.31 -27.72 14.99		0.26		210 180 255
sp	4.99 -31.3 14.76		0.26		210 180 255
sp	0.76 -30.5 16.08		0.64		170 160 255
sp	2.23 -31.74 16.08		0.26		210 180 255
sp	0.81 -28.59 16.17		0.26		210 180 255
sp	0.22 -32.08 17.03		0.26		210 180 255
sp	0.14 -32.32 16.08		0.26		210 180 255
sp	0.4 -28.73 15.45		0.26		210 180 255
sp	1.14 -28.74 15.43		0.26		210 180 255
sp	0.01 -36.75 12.47		0.64		170 160 255
sp	1.49 -35.52 12.47		0.26		210 180 255
sp	0.95 -36.34 14.09		0.26		210 180 255
sp	-0.89 -36.09 14.03		0.26		210 180 255
sp	-0.87 -38.46 12.47		0.26		210 180 255
sp	-0.92 -37.23 10.86		0.26		210 180 255
sp	0.62 -38.22 11.4		0.26		210 180 255
sp	1.63 -28.75 10.35		0.64		170 160 255
sp	3.55 -28.8 10.35		0.26		210 180 255
sp	1.94 -30.56 10.89		0.26		210 180 255
sp	0.73 -29.44 11.9		0.26		210 180 255
sp	0.36 -27.3 10.35		0.26		210 180 255
sp	0.69 -29.19 8.74		0.26		210 180 255
sp	2.0 -26.98 9.71		0.26		210 180 255
sp	4.84 -35.55 9.01		0.64		170 160 255
sp	5.57 -37.32 9.01		0.26		210 180 255
sp	5.79 -35.21 10.65		0.26		210 180 255
sp	4.57 -37.39 9.49		0.26		210 180 255
sp	3.28 -36.67 9.01		0.26		210 180 255
sp	4.55 -37.38 8.51		0.26		210 180 255
sp	4.95 -37.46 8.83		0.26		210 180 255
sp	-1.97 -32.2 21.53		1.6		130 140 255
sp	0.26 -36.46 21.53		0.64		170 160 255
sp	2.17 -36.52 21.53		0.26		210 180 255
sp	1.21 -36.56 23.19		0.26		210 180 255
sp	0.08 -34.57 21.84		0.26		210 180 255
sp	-0.83 -34.87 21.53		0.26		210 180 255
sp	-0.44 -35.14 20.32		0.26		210 180 255
sp	0.57 -38.27 20.98		0.26		210 180 255
sp	0.18 -34.32 25.26		0.64		170 160 255
sp	0.45 -32.42 25.26		0.26		210 180 255
sp	1.08 -33.64 26.81		0.26		210 180 255
sp	-0.3 -32.67 26.1		0.26		210 180 255
sp	0.1 -32.4 25.26		0.26		210 180 255
sp	-0.1 -32.48 24.77		0.26		210 180 255
sp	0.45 -36.16 24.79		0.26		210 180 255
sp	-3.06 -36.48 23.41		0.64		170 160 255
sp	-2.06 -38.12 23.41		0.26		210 180 255
sp	-2.19 -35.65 24.91		0.26		210 180 255
sp	-3.95 -37.19 24.96		0.26		210 180 255
sp	-4.98 -36.39 23.41		0.26		210 180 255
sp	-3.68 -35.02 22.34		0.26		210 180 255
sp	-2.29 -37.62 22.08		0.26		210 180 255
sp	-4.12 -27.91 21.53		0.64		170 160 255
sp	-3.66 -29.78 21.53		0.26		210 180 255
sp	-3.17 -28.27 23.16		0.26		210 180 255
sp	-4.92 -26.87 22.92		0.26		210 180 255
sp	-5.76 -26.92 21.53		0.26		210 180 255
sp	-4.78 -26.52 20.38		0.26		210 180 255
sp	-3.29 -28.89 20.1		0.26		210 180 255
sp	-2.12 -27.41 21.27		0.64		170 160 255
sp	-0.69 -28.7 21.27		0.26		210 180 255
sp	-1.61 -29.05 22.14		0.26		210 180 255
sp	-2.16 -29.33 21.34		0.26		210 180 255
sp	-3.42 -26.01 21.27		0.26		210 180 255
sp	-2.88 -28.58 19.95		0.26		210 180 255
sp	-1.17 -27.08 19.63		0.26		210 180 255
sp	-1.06 -27.76 19.94		0.64		170 160 255
sp	0.85 -27.5 19.94		0.26		210 180 255
sp	-0.1 -27.62 21.6		0.26		210 180 255
sp	-1.94 -28.53 21.47		0.26		210 180 255
sp	-1.64 -25.94 19.94		0.26		210 180 255
sp	-2.0 -27.4 18.31		0.26		210 180 255
sp	-0.56 -29.41 19.09		0.26		210 180 255
sp	-12.67 -21.38 21.94		1.6		130 140 255
sp	-7.98 -20.36 21.94		0.64		170 160 255
sp	-6.07 -20.12 21.94		0.26		210 180 255
sp	-7.25 -21.62 23.2		0.26		210 180 255
sp	-8.21 -22.23 22.35		0.26		210 180 255
sp	-9.48 -21.56 21.94		0.26		210 180 255
sp	-8.85 -19.55 20.43		0.26		210 180 255
sp	-7.45 -18.76 21.03		0.26		210 180 255
sp	-12.4 -16.61 22.4		0.64		170 160 255
sp	-12.25 -14.69 22.4		0.26		210 180 255
sp	-11.47 -17.08 24.01		0.26		210 180 255
sp	-12.68 -18.44 22.88		0.26		210 180 255
sp	-12.66 -14.71 22.4		0.26		210 180 255
sp	-12.72 -18.42 21.86		0.26		210 180 255
sp	-11.51 -15.9 20.85		0.26		210 180 255
sp	-13.51 -16.88 23.39		0.64		170 160 255
sp	-12.5 -18.52 23.39		0.26		210 180 255
sp	-12.57 -17.3 25.02		0.26		210 180 255
sp	-14.46 -17.06 25.05		0.26		210 180 255
sp	-14.57 -15.28 23.39		0.26		210 180 255
sp	-13.7 -15.0 23.06		0.26		210 180 255
sp	-13.31 -18.76 23.05		0.26		210 180 255
sp	-17.44 -20.9 21.94		0.64		170 160 255
sp	-16.11 -19.51 21.94		0.26		210 180 255
sp	-16.77 -22.26 23.11		0.26		210 180 255
sp	-17.68 -19.03 22.35		0.26		210 180 255
sp	-18.69 -19.43 21.94		0.26		210 180 255
sp	-18.34 -21.57 20.38		0.26		210 180 255
sp	-16.72 -19.63 20.69		0.26		210 180 255
sp	-14.62 -18.6 18.55		0.64		170 160 255
sp	-13.32 -17.19 18.55		0.26		210 180 255
sp	-13.81 -17.58 19.96		0.26		210 180 255
sp	-15.57 -18.23 20.18		0.26		210 180 255
sp	-14.97 -20.49 18.55		0.26		210 180 255
sp	-15.32 -17.28 17.34		0.26		210 180 255
sp	-13.95 -17.22 17.39		0.26		210 180 255
sp	-12.44 -26.16 21.55		0.64		170 160 255
sp	-10.67 -25.42 21.55		0.26		210 180 255
sp	-11.85 -27.67 22.57		0.26		210 180 255
sp	-13.32 -26.91 23.08		0.26		210 180 255
sp	-12.96 -24.31 21.55		0.26		210 180 255
sp	-12.59 -28.05 21.28		0.26		210 180 255
sp	-11.87 -24.61 20.57		0.26		210 180 255
sp	-17.18 -32.98 12.47		1.6		130 140 255
sp	-14.52 -36.97 12.47		0.64		170 160 255
sp	-13.11 -38.28 12.47		0.26		210 180 255
sp	-13.98 -35.38 13.39		0.26		210 180 255
sp	-15.38 -37.81 13.96		0.26		210 180 255
sp	-15.89 -35.64 12.47		0.26		210 180 255
sp	-14.99 -38.64 11.65		0.26		210 180 255
sp	-14.26 -38.83 12.03		0.26		210 180 255
sp	-15.09 -35.34 16.09		0.64		170 160 255
sp	-13.2 -35.66 16.09		0.26		210 180 255
sp	-14.44 -36.76 17.21		0.26		210 180 255
sp	-16.05 -35.3 17.75		0.26		210 180 255
sp	-16.67 -36.44 16.09		0.26		210 180 255
sp	-15.33 -37.2 15.68		0.26		210 180 255
sp	-14.47 -33.88 15.01		0.26		210 180 255
sp	-19.06 -35.95 15.73		0.64		170 160 255
sp	-17.16 -35.71 15.73		0.26		210 180 255
sp	-18.28 -34.84 17.09		0.26		210 180 255
sp	-19.7 -37.39 16.84		0.26		210 180 255
sp	-19.96 -34.25 15.73		0.26		210 180 255
sp	-19.81 -34.74 14.44		0.26		210 180 255
sp	-18.16 -35.31 14.17		0.26		210 180 255
sp	-18.3 -28.31 12.47		0.64		170 160 255
sp	-17.22 -26.72 12.47		0.26		210 180 255
sp	-17.34 -28.32 14.13		0.26		210 180 255
sp	-18.89 -29.82 13.49		0.26		210 180 255
sp	-19.54 -29.77 12.47		0.26		210 180 255
sp	-18.32 -26.39 12.42		0.26		210 180 255
sp	-17.63 -26.94 11.31		0.26		210 180 255
sp	-19.0 -36.11 9.32		0.64		170 160 255
sp	-17.09 -36.27 9.32		0.26		210 180 255
sp	-18.37 -37.57 10.4		0.26		210 180 255
sp	-19.82 -37.12 10.73		0.26		210 180 255
sp	-20.86 -35.64 9.32		0.26		210 180 255
sp	-19.36 -34.34 8.68		0.26		210 180 255
sp	-18.74 -37.96 8.87		0.26		210 180 255
sp	-14.89 -31.56 8.5		0.64		170 160 255
sp	-13.06 -30.96 8.5		0.26		210 180 255
sp	-14.42 -33.23 9.32		0.26		210 180 255
sp	-14.98 -33.47 8.65		0.26		210 180 255
sp	-16.56 -32.5 8.5		0.26		210 180 255
sp	-15.55 -30.16 7.36		0.26		210 180 255
sp	-14.12 -32.72 7.18		0.26		210 180 255
sp	-13.14 -24.64 2.18		1.6		130 140 255
sp	-8.5 -23.41 2.18		0.64		170 160 255
sp	-6.87 -24.42 2.18		0.26		210 180 255
sp	-8.45 -25.33 2.27		0.26		210 180 255
sp	-8.82 -21.6 2.73		0.26		210 180 255
sp	-9.45 -21.74 2.18		0.26		210 180 255
sp	-9.46 -23.28 0.52		0.26		210 180 255
sp	-8.03 -25.08 1.36		0.26		210 180 255
sp	-12.66 -19.94 3.01		0.64		170 160 255
sp	-11.66 -21.58 3.01		0.26		210 180 255
sp	-12.07 -18.42 4.03		0.26		210 180 255
sp	-12.79 -18.04 3.23		0.26		210 180 255
sp	-13.93 -21.38 3.01		0.26		210 180 255
sp	-13.1 -21.65 2.25		0.26		210 180 255
sp	-11.85 -20.98 1.61		0.26		210 180 255
sp	-13.72 -19.98 3.18		0.64		170 160 255
sp	-11.95 -20.72 3.18		0.26		210 180 255
sp	-13.01 -21.28 4.41		0.26		210 180 255
sp	-14.5 -21.09 4.54		0.26		210 180 255
sp	-15.17 -21.24 3.18		0.26		210 180 255
sp	-13.85 -18.08 2.94		0.26		210 180 255
sp	-12.86 -20.86 1.7		0.26		210 180 255
sp	-17.93 -24.4 2.18		0.64		170 160 255
sp	-16.18 -25.18 2.18		0.26		210 180 255
sp	-17.87 -22.48 2.29		0.26		210 180 255
sp	-18.85 -24.95 3.77		0.26		210 180 255
sp	-19.75 -25.03 2.18		0.26		210 180 255
sp	-18.35 -22.67 1.45		0.26		210 180 255
sp	-17.2 -25.64 0.91		0.26		210 180 255
sp	-14.24 -20.38 0.27		0.64		170 160 255
sp	-12.43 -21.02 0.27		0.26		210 180 255
sp	-13.92 -22.19 0.83		0.26		210 180 255
sp	-14.25 -22.3 0.28		0.26		210 180 255
sp	-15.36 -18.82 0.27		0.26		210 180 255
sp	-15.14 -19.7 -1.29		0.26		210 180 255
sp	-13.48 -21.55 -1.05		0.26		210 180 255
sp	-11.74 -20.74 -0.24		0.64		170 160 255
sp	-10.37 -19.4 -0.24		0.26		210 180 255
sp	-10.95 -21.83 1.13		0.26		210 180 255
sp	-12.2 -22.43 0.55		0.26		210 180 255
sp	-13.63 -20.41 -0.24		0.26		210 180 255
sp	-12.7 -20.55 -1.9		0.26		210 180 255
sp	-11.21 -22.34 -1.17		0.26		210 180 255
sp	-6.25 -38.17 10.83		1.6		130 140 255
sp	-3.24 -41.91 10.83		0.64		170 160 255
sp	-3.19 -43.83 10.83		0.26		210 180 255
sp	-3.13 -43.81 11.03		0.26		210 180 255
sp	-3.26 -39.99 10.86		0.26		210 180 255
sp	-3.87 -40.09 10.83		0.26		210 180 255
sp	-4.19 -42.21 9.19		0.26		210 180 255
sp	-2.72 -43.52 9.93		0.26		210 180 255
sp	-5.76 -33.47 11.68		0.64		170 160 255
sp	-5.06 -35.26 11.68		0.26		210 180 255
sp	-4.82 -33.84 13.31		0.26		210 180 255
sp	-6.53 -34.62 13.01		0.26		210 180 255
sp	-6.17 -35.34 11.68		0.26		210 180 255
sp	-6.7 -33.93 10.06		0.26		210 180 255
sp	-5.04 -32.21 10.42		0.26		210 180 255
sp	-7.82 -41.8 13.55		0.64		170 160 255
sp	-6.78 -40.19 13.55		0.26		210 180 255
sp	-7.02 -42.87 14.93		0.26		210 180 255
sp	-8.44 -43.26 14.63		0.26		210 180 255
sp	-9.08 -40.35 13.55		0.26		210 180 255
sp	-7.93 -43.71 13.36		0.26		210 180 255
sp	-6.97 -40.91 12.07		0.26		210 180 255
sp	-7.88 -33.65 10.83		0.64		170 160 255
sp	-6.76 -35.21 10.83		0.26		210 180 255
sp	-7.69 -35.53 11.16		0.26		210 180 255
sp	-8.39 -32.03 11.72		0.26		210 180 255
sp	-8.62 -31.88 10.83		0.26		210 180 255
sp	-8.81 -33.17 9.22		0.26		210 180 255
sp	-7.34 -32.05 9.91		0.26		210 180 255
sp	-7.36 -42.43 8.91		0.64		170 160 255
sp	-5.49 -42.84 8.91		0.26		210 180 255
sp	-7.03 -44.22 9.49		0.26		210 180 255
sp	-7.68 -44.24 9.45		0.26		210 180 255
sp	-8.04 -40.63 8.91		0.26		210 180 255
sp	-7.4 -40.51 8.85		0.26		210 180 255
sp	-6.61 -41.23 7.61		0.26		210 180 255
sp	-4.44 -41.33 7.7		0.64		170 160 255
sp	-4.4 -39.41 7.7		0.26		210 180 255
sp	-4.01 -43.04 8.45		0.26		210 180 255
sp	-4.5 -43.24 7.8		0.26		210 180 255
sp	-5.04 -39.5 7.7		0.26		210 180 255
sp	-5.4 -41.58 6.05		0.26		210 180 255
sp	-4.3 -39.43 7.45		0.26		210 180 255
sp	-20.61 -21.8 0.0		4.0		90 120 255
sp	-10.66 -15.09 0.0		1.6		130 140 255
sp	-10.62 -10.29 0.0		0.64		170 160 255
sp	-9.53 -11.87 0.0		0.26		210 180 255
sp	-10.17 -8.59 0.78		0.26		210 180 255
sp	-11.55 -9.8 1.61		0.26		210 180 255
sp	-11.29 -12.09 0.0		0.26		210 180 255
sp	-11.57 -10.02 -1.65		0.26		210 180 255
sp	-10.46 -8.4 -0.27		0.26		210 180 255
sp	-8.46 -13.18 3.81		0.64		170 160 255
sp	-6.65 -12.54 3.81		0.26		210 180 255
sp	-7.61 -14.07 5.29		0.26		210 180 255
sp	-9.29 -14.16 5.24		0.26		210 180 255
sp	-9.5 -11.56 3.81		0.26		210 180 255
sp	-8.79 -11.37 3.25		0.26		210 180 255
sp	-7.6 -14.04 2.33		0.26		210 180 255
sp	-12.9 -16.82 3.88		0.64		170 160 255
sp	-12.22 -15.03 3.88		0.26		210 180 255
sp	-12.17 -15.58 5.14		0.26		210 180 255
sp	-13.78 -16.04 5.39		0.26		210 180 255
sp	-12.91 -18.74 3.88		0.26		210 180 255
sp	-13.32 -15.09 3.16		0.26		210 180 255
sp	-11.95 -16.58 2.23		0.26		210 180 255
sp	-14.13 -18.41 0.0		0.64		170 160 255
sp	-13.94 -16.5 0.0		0.26		210 180 255
sp	-13.17 -18.57 1.66		0.26		210 180 255
sp	-15.09 -18.57 1.66		0.26		210 180 255
sp	-16.05 -18.48 0.0		0.26		210 180 255
sp	-14.85 -17.13 -1.24		0.26		210 180 255
sp	-13.39 -17.19 -1.28		0.26		210 180 255
sp	-10.88 -10.31 -0.37		0.64		170 160 255
sp	-9.37 -11.5 -0.37		0.26		210 180 255
sp	-10.19 -8.97 0.82		0.26		210 180 255
sp	-11.69 -11.34 1.03		0.26		210 180 255
sp	-11.96 -8.73 -0.37		0.26		210 180 255
sp	-11.83 -10.45 -2.03		0.26		210 180 255
sp	-10.02 -9.44 -1.86		0.26		210 180 255
sp	-8.28 -15.57 -4.14		0.64		170 160 255
sp	-6.43 -16.09 -4.14		0.26		210 180 255
sp	-7.32 -15.43 -2.48		0.26		210 180 255
sp	-8.94 -16.97 -2.99		0.26		210 180 255
sp	-8.96 -13.78 -4.14		0.26		210 180 255
sp	-8.87 -14.06 -5.16		0.26		210 180 255
sp	-7.46 -16.6 -5.54		0.26		210 180 255
sp	-14.79 -18.89 10.08		1.6		130 140 255
sp	-12.35 -23.03 10.08		0.64		170 160 255
sp	-11.92 -24.9 10.08		0.26		210 180 255
sp	-11.85 -24.67 10.95		0.26		210 180 255
sp	-13.28 -23.53 11.69		0.26		210 180 255
sp	-13.97 -22.0 10.08		0.26		210 180 255
sp	-12.37 -21.11 10.06		0.26		210 180 255
sp	-11.64 -21.73 8.86		0.26		210 180 255
sp	-12.54 -17.21 13.98		0.64		170 160 255
sp	-10.92 -16.19 13.98		0.26		210 180 255
sp	-11.61 -17.66 15.59		0.26		210 180 255
sp	-12.8 -19.06 14.41		0.26		210 180 255
sp	-14.37 -16.61 13.98		0.26		210 180 255
sp	-13.33 -16.1 12.62		0.26		210 180 255
sp	-12.36 -15.33 13.65		0.26		210 180 255
sp	-16.38 -15.3 12.84		0.64		170 160 255
sp	-15.0 -13.97 12.84		0.26		210 180 255
sp	-16.38 -13.38 12.86		0.26		210 180 255
sp	-17.33 -15.68 14.47		0.26		210 180 255
sp	-18.29 -15.1 12.84		0.26		210 180 255
sp	-17.34 -15.4 11.18		0.26		210 180 255
sp	-16.08 -13.48 12.32		0.26		210 180 255
sp	-17.93 -22.53 10.08		0.64		170 160 255
sp	-17.66 -20.63 10.08		0.26		210 180 255
sp	-16.98 -22.17 11.72		0.26		210 180 255
sp	-18.36 -20.81 10.83		0.26		210 180 255
sp	-18.29 -24.41 10.08		0.26		210 180 255
sp	-18.85 -23.06 8.49		0.26		210 180 255
sp	-16.99 -22.98 8.47		0.26		210 180 255
sp	-16.59 -22.08 6.97		0.64		170 160 255
sp	-14.72 -21.62 6.97		0.26		210 180 255
sp	-15.89 -20.75 8.17		0.26		210 180 255
sp	-16.73 -20.18 7.22		0.26		210 180 255
sp	-17.67 -23.66 6.97		0.26		210 180 255
sp	-17.11 -23.69 6.07		0.26		210 180 255
sp	-16.0 -20.56 5.96		0.26		210 180 255
sp	-13.71 -23.18 8.21		0.64		170 160 255
sp	-13.52 -21.27 8.21		0.26		210 180 255
sp	-13.11 -21.68 9.25		0.26		210 180 255
sp	-14.63 -23.7 9.81		0.26		210 180 255
sp	-14.42 -21.39 8.21		0.26		210 180 255
sp	-14.59 -22.41 6.68		0.26		210 180 255
sp	-12.98 -24.42 6.94		0.26		210 180 255
sp	-24.66 -12.94 7.01		1.6		130 140 255
sp	-19.9 -12.3 7.01		0.64		170 160 255
sp	-18.02 -11.94 7.01		0.26		210 180 255
sp	-19.78 -14.2 7.22		0.26		210 180 255
sp	-20.86 -12.51 8.66		0.26		210 180 255
sp	-21.81 -12.55 7.01		0.26		210 180 255
sp	-20.74 -11.36 5.56		0.26		210 180 255
sp	-18.96 -12.69 5.38		0.26		210 180 255
sp	-23.78 -8.47 8.54		0.64		170 160 255
sp	-21.99 -9.17 8.54		0.26		210 180 255
sp	-23.61 -6.58 8.82		0.26		210 180 255
sp	-24.65 -7.64 10.04		0.26		210 180 255
sp	-24.39 -10.29 8.54		0.26		210 180 255
sp	-24.22 -10.18 7.77		0.26		210 180 255
sp	-23.75 -6.55 8.48		0.26		210 180 255
sp	-26.67 -10.3 10.49		0.64		170 160 255
sp	-24.85 -10.92 10.49		0.26		210 180 255
sp	-26.5 -8.41 10.78		0.26		210 180 255
sp	-27.47 -11.36 11.87		0.26		210 180 255
sp	-28.5 -9.73 10.49		0.26		210 180 255
sp	-27.35 -8.95 9.3		0.26		210 180 255
sp	-25.74 -10.81 8.88		0.26		210 180 255
sp	-26.8 -8.64 7.01		0.64		170 160 255
sp	-25.13 -7.69 7.01		0.26		210 180 255
sp	-26.72 -10.55 7.14		0.26		210 180 255
sp	-27.61 -7.61 8.42		0.26		210 180 255
sp	-27.48 -10.44 7.01		0.26		210 180 255
sp	-26.89 -10.55 6.85		0.26		210 180 255
sp	-25.87 -8.15 5.4		0.26		210 180 255
sp	-26.86 -11.03 3.19		0.64		170 160 255
sp	-26.05 -12.77 3.19		0.26		210 180 255
sp	-26.83 -9.12 3.25		0.26		210 180 255
sp	-27.04 -12.92 3.5		0.26		210 180 255
sp	-27.1 -12.94 3.19		0.26		210 180 255
sp	-27.82 -11.0 1.53		0.26		210 180 255
sp	-26.67 -12.92 2.86		0.26		210 180 255
sp	-22.26 -13.17 2.86		0.64		170 160 255
sp	-21.5 -11.41 2.86		0.26		210 180 255
sp	-21.79 -14.84 3.68		0.26		210 180 255
sp	-23.21 -12.84 4.5		0.26		210 180 255
sp	-23.27 -14.81 2.86		0.26		210 180 255
sp	-22.39 -11.27 2.64		0.26		210 180 255
sp	-21.32 -13.52 1.22		0.26		210 180 255
sp	-22.31 -33.68 0.0		1.6		130 140 255
sp	-19.05 -37.2 0.0		0.64		170 160 255
sp	-17.85 -35.7 0.0		0.26		210 180 255
sp	-18.68 -35.43 0.64		0.26		210 180 255
sp	-19.53 -35.54 0.84		0.26		210 180 255
sp	-20.97 -37.3 0.0		0.26		210 180 255
sp	-19.92 -38.0 -1.51		0.26		210 180 255
sp	-18.09 -37.21 -1.66		0.26		210 180 255
sp	-20.72 -37.27 2.75		0.64		170 160 255
sp	-19.28 -38.54 2.75		0.26		210 180 255
sp	-20.04 -38.63 3.93		0.26		210 180 255
sp	-21.58 -36.42 4.24		0.26		210 180 255
sp	-22.52 -37.94 2.75		0.26		210 180 255
sp	-21.17 -35.57 1.98		0.26		210 180 255
sp	-19.98 -36.04 1.48		0.26		210 180 255
sp	-23.82 -37.4 2.62		0.64		170 160 255
sp	-23.31 -35.55 2.62		0.26		210 180 255
sp	-23.01 -38.42 4.03		0.26		210 180 255
sp	-24.65 -36.43 4.06		0.26		210 180 255
sp	-24.97 -35.86 2.62		0.26		210 180 255
sp	-24.42 -38.9 1.59		0.26		210 180 255
sp	-23.79 -35.48 2.56		0.26		210 180 255
sp	-26.95 -32.47 0.0		0.64		170 160 255
sp	-25.09 -32.95 0.0		0.26		210 180 255
sp	-26.12 -31.51 1.44		0.26		210 180 255
sp	-27.76 -31.42 1.39		0.26		210 180 255
sp	-27.85 -30.78 0.0		0.26		210 180 255
sp	-27.54 -30.95 -1.01		0.26		210 180 255
sp	-26.76 -30.59 -0.33		0.26		210 180 255
sp	-24.51 -35.6 -3.81		0.64		170 160 255
sp	-24.24 -37.5 -3.81		0.26		210 180 255
sp	-24.43 -33.68 -3.68		0.26		210 180 255
sp	-24.53 -37.52 -3.77		0.26		210 180 255
sp	-24.71 -37.51 -3.81		0.26		210 180 255
sp	-25.47 -35.67 -5.47		0.26		210 180 255
sp	-23.57 -36.05 -5.43		0.26		210 180 255
sp	-20.43 -36.66 -3.26		0.64		170 160 255
sp	-18.52 -36.9 -3.26		0.26		210 180 255
sp	-19.47 -36.86 -1.6		0.26		210 180 255
sp	-20.44 -38.58 -3.23		0.26		210 180 255
sp	-21.06 -38.47 -3.26		0.26		210 180 255
sp	-21.3 -37.45 -4.77		0.26		210 180 255
sp	-19.66 -35.5 -4.58		0.26		210 180 255
sp	-23.11 -10.88 -4.32		1.6		130 140 255
sp	-21.13 -15.25 -4.32		0.64		170 160 255
sp	-20.43 -13.46 -4.32		0.26		210 180 255
sp	-20.87 -17.1 -3.88		0.26		210 180 255
sp	-21.97 -14.34 -2.86		0.26		210 180 255
sp	-21.33 -13.35 -4.32		0.26		210 180 255
sp	-21.83 -16.55 -5.54		0.26		210 180 255
sp	-20.88 -17.11 -4.75		0.26		210 180 255
sp	-20.71 -11.11 -0.17		0.64		170 160 255
sp	-18.81 -11.35 -0.17		0.26		210 180 255
sp	-19.95 -9.94 1.15		0.26		210 180 255
sp	-21.61 -11.8 1.38		0.26		210 180 255
sp	-22.59 -11.5 -0.17		0.26		210 180 255
sp	-21.19 -12.77 -1.0		0.26		210 180 255
sp	-19.87 -10.2 -1.63		0.26		210 180 255
sp	-24.61 -7.14 -1.72		0.64		170 160 255
sp	-22.71 -7.46 -1.72		0.26		210 180 255
sp	-23.68 -7.63 -0.11		0.26		210 180 255
sp	-25.52 -6.56 -0.14		0.26		210 180 255
sp	-25.31 -8.92 -1.72		0.26		210 180 255
sp	-25.53 -7.67 -3.32		0.26		210 180 255
sp	-24.28 -8.94 -2.29		0.26		210 180 255
sp	-27.06 -13.6 -4.32		0.64		170 160 255
sp	-25.24 -14.21 -4.32		0.26		210 180 255
sp	-26.73 -15.41 -3.75		0.26		210 180 255
sp	-28.0 -14.03 -2.7		0.26		210 180 255
sp	-27.21 -15.52 -4.32		0.26		210 180 255
sp	-27.87 -12.58 -5.72		0.26		210 180 255
sp	-26.5 -12.05 -5.29		0.26		210 180 255
sp	-23.69 -15.54 -5.33		0.64		170 160 255
sp	-23.26 -17.41 -5.33		0.26		210 180 255
sp	-23.6 -17.45 -5.17		0.26		210 180 255
sp	-24.59 -14.86 -3.78		0.26		210 180 255
sp	-24.45 -17.3 -5.33		0.26		210 180 255
sp	-23.81 -17.44 -5.53		0.26		210 180 255
sp	-23.51 -17.42 -5.64		0.26		210 180 255
sp	-21.81 -6.84 -6.56		0.64		170 160 255
sp	-20.02 -6.16 -6.56		0.26		210 180 255
sp	-21.77 -8.76 -6.49		0.26		210 180 255
sp	-22.77 -6.78 -4.9		0.26		210 180 255
sp	-22.5 -5.05 -6.56		0.26		210 180 255
sp	-22.4 -5.32 -7.58		0.26		210 180 255
sp	-21.5 -5.03 -7.11		0.26		210 180 255
sp	-15.15 -26.77 -9.46		1.6		130 140 255
sp	-10.42 -27.56 -9.46		0.64		170 160 255
sp	-8.5 -27.53 -9.46		0.26		210 180 255
sp	-9.77 -28.97 -8.33		0.26		210 180 255
sp	-11.05 -26.12 -8.36		0.26		210 180 255
sp	-11.17 -25.79 -9.46		0.26		210 180 255
sp	-10.56 -25.66 -9.71		0.26		210 180 255
sp	-10.34 -29.47 -9.59		0.26		210 180 255
sp	-12.93 -24.97 -5.6		0.64		170 160 255
sp	-11.13 -25.66 -5.6		0.26		210 180 255
sp	-12.38 -26.55 -4.66		0.26		210 180 255
sp	-13.04 -23.07 -5.4		0.26		210 180 255
sp	-13.51 -26.8 -5.6		0.26		210 180 255
sp	-13.62 -23.64 -6.8		0.26		210 180 255
sp	-12.81 -23.06 -5.8		0.26		210 180 255
sp	-17.42 -28.32 -5.52		0.64		170 160 255
sp	-15.87 -27.19 -5.52		0.26		210 180 255
sp	-17.31 -26.42 -5.33		0.26		210 180 255
sp	-17.87 -26.62 -4.76		0.26		210 180 255
sp	-19.25 -28.91 -5.52		0.26		210 180 255
sp	-17.87 -26.63 -6.3		0.26		210 180 255
sp	-17.27 -26.43 -5.79		0.26		210 180 255
sp	-19.85 -25.77 -9.46		0.64		170 160 255
sp	-18.55 -24.35 -9.46		0.26		210 180 255
sp	-18.98 -26.59 -7.96		0.26		210 180 255
sp	-20.65 -24.7 -8.08		0.26		210 180 255
sp	-21.28 -27.05 -9.46		0.26		210 180 255
sp	-20.78 -25.31 -11.07		0.26		210 180 255
sp	-19.69 -27.67 -9.73		0.26		210 180 255
sp	-17.52 -27.62 -13.55		0.64		170 160 255
sp	-16.11 -28.92 -13.55		0.26		210 180 255
sp	-17.23 -25.78 -13.05		0.26		210 180 255
sp	-18.21 -28.94 -12.34		0.26		210 180 255
sp	-18.47 -29.28 -13.55		0.26		210 180 255
sp	-18.31 -28.7 -14.92		0.26		210 180 255
sp	-17.24 -29.46 -14.03		0.26		210 180 255
sp	-13.0 -28.9 -13.18		0.64		170 160 255
sp	-11.08 -28.82 -13.18		0.26		210 180 255
sp	-12.05 -29.14 -11.53		0.26		210 180 255
sp	-13.96 -28.92 -11.52		0.26		210 180 255
sp	-14.82 -28.27 -13.18		0.26		210 180 255
sp	-13.26 -30.75 -13.63		0.26		210 180 255
sp	-12.43 -27.35 -14.17		0.26		210 180 255
sp	-14.96 2.15 -25.91		4.0		90 120 255
sp	-3.14 4.22 -25.91		1.6		130 140 255
sp	1.48 2.95 -25.91		0.64		170 160 255
sp	2.09 4.77 -25.91		0.26		210 180 255
sp	2.12 4.39 -24.81		0.26		210 180 255
sp	1.13 4.73 -25.3		0.26		210 180 255
sp	0.83 4.75 -25.91		0.26		210 180 255
sp	1.25 4.81 -26.33		0.26		210 180 255
sp	1.55 4.86 -26.02		0.26		210 180 255
sp	-0.87 2.71 -21.97		0.64		170 160 255
sp	-0.68 4.62 -21.97		0.26		210 180 255
sp	-0.48 4.47 -21.3		0.26		210 180 255
sp	-1.43 4.26 -21.0		0.26		210 180 255
sp	-2.4 3.86 -21.97		0.26		210 180 255
sp	-1.3 4.42 -22.72		0.26		210 180 255
sp	-0.49 4.48 -22.62		0.26		210 180 255
sp	-5.53 3.79 -21.77		0.64		170 160 255
sp	-5.38 5.7 -21.77		0.26		210 180 255
sp	-5.39 5.68 -21.52		0.26		210 180 255
sp	-6.37 2.86 -20.32		0.26		210 180 255
sp	-5.82 1.89 -21.77		0.26		210 180 255
sp	-6.25 5.06 -23.02		0.26		210 180 255
sp	-4.57 3.7 -23.44		0.26		210 180 255
sp	-6.07 8.03 -25.91		0.64		170 160 255
sp	-4.91 6.5 -25.91		0.26		210 180 255
sp	-5.33 9.24 -24.63		0.26		210 180 255
sp	-7.01 8.46 -24.29		0.26		210 180 255
sp	-7.94 7.57 -25.91		0.26		210 180 255
sp	-7.03 7.95 -27.58		0.26		210 180 255
sp	-5.13 7.62 -27.54		0.26		210 180 255
sp	-5.31 6.27 -29.67		0.64		170 160 255
sp	-4.74 8.1 -29.67		0.26		210 180 255
sp	-4.92 4.52 -29.0		0.26		210 180 255
sp	-6.24 6.74 -28.06		0.26		210 180 255
sp	-7.11 5.61 -29.67		0.26		210 180 255
sp	-5.62 4.46 -30.21		0.26		210 180 255
sp	-4.41 6.91 -31.24		0.26		210 180 255
sp	-0.8 5.28 -29.97		0.64		170 160 255
sp	0.79 4.2 -29.97		0.26		210 180 255
sp	-0.8 3.36 -29.96		0.26		210 180 255
sp	-1.75 5.57 -28.33		0.26		210 180 255
sp	-2.27 4.04 -29.97		0.26		210 180 255
sp	-1.08 7.11 -30.46		0.26		210 180 255
sp	-0.09 6.57 -31.2		0.26		210 180 255
sp	-11.97 12.55 -20.73		1.6		130 140 255
sp	-7.79 14.91 -20.73		0.64		170 160 255
sp	-6.01 14.19 -20.73		0.26		210 180 255
sp	-6.83 14.72 -19.07		0.26		210 180 255
sp	-8.23 16.61 -19.96		0.26		210 180 255
sp	-9.61 15.52 -20.73		0.26		210 180 255
sp	-8.74 14.67 -22.38		0.26		210 180 255
sp	-7.43 16.69 -21.34		0.26		210 180 255
sp	-10.35 16.09 -17.92		0.64		170 160 255
sp	-8.96 14.76 -17.92		0.26		210 180 255
sp	-9.54 17.14 -16.53		0.26		210 180 255
sp	-11.02 14.71 -16.76		0.26		210 180 255
sp	-12.13 16.8 -17.92		0.26		210 180 255
sp	-10.79 17.79 -18.7		0.26		210 180 255
sp	-9.96 17.84 -18.6		0.26		210 180 255
sp	-12.89 8.11 -19.14		0.64		170 160 255
sp	-12.32 9.95 -19.14		0.26		210 180 255
sp	-11.97 7.52 -17.56		0.26		210 180 255
sp	-13.8 7.55 -17.55		0.26		210 180 255
sp	-13.3 9.99 -19.14		0.26		210 180 255
sp	-13.68 9.18 -20.52		0.26		210 180 255
sp	-12.79 10.02 -19.3		0.26		210 180 255
sp	-14.54 16.6 -20.73		0.64		170 160 255
sp	-12.74 17.29 -20.73		0.26		210 180 255
sp	-13.69 17.49 -19.26		0.26		210 180 255
sp	-15.16 15.14 -19.65		0.26		210 180 255
sp	-14.7 14.69 -20.73		0.26		210 180 255
sp	-15.41 15.8 -22.24		0.26		210 180 255
sp	-13.91 15.14 -21.81		0.26		210 180 255
sp	-14.23 14.16 -24.64		0.64		170 160 255
sp	-12.91 12.76 -24.64		0.26		210 180 255
sp	-13.44 13.06 -23.28		0.26		210 180 255
sp	-14.55 15.97 -24.08		0.26		210 180 255
sp	-15.71 15.38 -24.64		0.26		210 180 255
sp	-15.12 13.48 -26.2		0.26		210 180 255
sp	-13.28 13.85 -26.28		0.26		210 180 255
sp	-11.7 7.78 -21.19		0.64		170 160 255
sp	-10.16 8.92 -21.19		0.26		210 180 255
sp	-10.78 8.32 -19.59		0.26		210 180 255
sp	-12.51 8.82 -19.79		0.26		210 180 255
sp	-12.44 6.0 -21.19		0.26		210 180 255
sp	-12.07 9.55 -21.83		0.26		210 180 255
sp	-10.91 6.7 -22.56		0.26		210 180 255
sp	-18.81 -7.06 -19.25		1.6		130 140 255
sp	-15.21 -3.89 -19.25		0.64		170 160 255
sp	-14.13 -2.3 -19.25		0.26		210 180 255
sp	-15.0 -5.76 -18.88		0.26		210 180 255
sp	-15.94 -5.12 -17.98		0.26		210 180 255
sp	-15.5 -5.78 -19.25		0.26		210 180 255
sp	-15.36 -5.78 -19.51		0.26		210 180 255
sp	-15.12 -1.97 -19.41		0.26		210 180 255
sp	-18.48 -2.3 -18.67		0.64		170 160 255
sp	-18.37 -4.22 -18.67		0.26		210 180 255
sp	-17.64 -3.24 -17.22		0.26		210 180 255
sp	-19.32 -3.24 -17.22		0.26		210 180 255
sp	-19.46 -0.66 -18.67		0.26		210 180 255
sp	-19.03 -0.73 -19.63		0.26		210 180 255
sp	-17.56 -1.72 -20.25		0.26		210 180 255
sp	-19.79 -2.67 -17.56		0.64		170 160 255
sp	-19.06 -0.9 -17.56		0.26		210 180 255
sp	-19.34 -4.38 -16.78		0.26		210 180 255
sp	-20.0 -0.8 -17.19		0.26		210 180 255
sp	-20.27 -0.82 -17.56		0.26		210 180 255
sp	-20.68 -3.41 -19.09		0.26		210 180 255
sp	-19.21 -1.15 -18.56		0.26		210 180 255
sp	-22.12 -10.53 -19.25		0.64		170 160 255
sp	-20.65 -11.76 -19.25		0.26		210 180 255
sp	-21.86 -8.69 -18.79		0.26		210 180 255
sp	-22.2 -8.62 -19.12		0.26		210 180 255
sp	-23.55 -9.24 -19.25		0.26		210 180 255
sp	-22.94 -9.52 -20.66		0.26		210 180 255
sp	-21.66 -12.21 -20.06		0.26		210 180 255
sp	-18.86 -11.86 -19.33		0.64		170 160 255
sp	-17.42 -10.59 -19.33		0.26		210 180 255
sp	-18.77 -9.95 -19.17		0.26		210 180 255
sp	-19.14 -10.02 -18.84		0.26		210 180 255
sp	-20.73 -12.29 -19.33		0.26		210 180 255
sp	-19.82 -12.05 -20.99		0.26		210 180 255
sp	-17.96 -11.19 -20.89		0.26		210 180 255
sp	-16.82 -4.37 -22.69		0.64		170 160 255
sp	-15.74 -5.95 -22.69		0.26		210 180 255
sp	-15.93 -5.07 -21.14		0.26		210 180 255
sp	-16.98 -6.26 -22.42		0.26		210 180 255
sp	-18.72 -4.65 -22.69		0.26		210 180 255
sp	-17.67 -3.45 -24.15		0.26		210 180 255
sp	-15.89 -4.85 -24.3		0.26		210 180 255
sp	-20.81 -8.33 -25.91		1.6		130 140 255
sp	-17.14 -11.42 -25.91		0.64		170 160 255
sp	-16.96 -9.51 -25.91		0.26		210 180 255
sp	-16.93 -13.29 -25.54		0.26		210 180 255
sp	-17.81 -10.04 -24.76		0.26		210 180 255
sp	-18.11 -13.08 -25.91		0.26		210 180 255
sp	-17.92 -10.28 -27.25		0.26		210 180 255
sp	-17.04 -9.51 -26.09		0.26		210 180 255
sp	-18.41 -8.36 -21.76		0.64		170 160 255
sp	-16.77 -9.34 -21.76		0.26		210 180 255
sp	-18.13 -6.53 -21.26		0.26		210 180 255
sp	-18.97 -9.93 -20.8		0.26		210 180 255
sp	-19.75 -6.98 -21.76		0.26		210 180 255
sp	-19.31 -7.65 -23.3		0.26		210 180 255
sp	-17.59 -9.35 -23.18		0.26		210 180 255
sp	-22.27 -12.14 -23.38		0.64		170 160 255
sp	-20.42 -11.65 -23.38		0.26		210 180 255
sp	-22.04 -14.0 -22.98		0.26		210 180 255
sp	-23.23 -11.93 -21.73		0.26		210 180 255
sp	-22.89 -10.32 -23.38		0.26		210 180 255
sp	-22.42 -14.03 -23.65		0.26		210 180 255
sp	-22.1 -14.02 -23.69		0.26		210 180 255
sp	-25.36 -6.79 -25.91		0.64		170 160 255
sp	-24.38 -8.44 -25.91		0.26		210 180 255
sp	-25.32 -4.87 -25.84		0.26		210 180 255
sp	-26.12 -7.97 -24.61		0.26		210 180 255
sp	-25.58 -8.7 -25.91		0.26		210 180 255
sp	-25.85 -8.44 -26.77		0.26		210 180 255
sp	-24.69 -8.17 -27.07		0.26		210 180 255
sp	-22.8 -11.01 -29.36		0.64		170 160 255
sp	-21.01 -10.31 -29.36		0.26		210 180 255
sp	-21.86 -11.33 -27.72		0.26		210 180 255
sp	-23.48 -9.64 -28.19		0.26		210 180 255
sp	-24.7 -11.31 -29.36		0.26		210 180 255
sp	-23.66 -10.15 -30.85		0.26		210 180 255
sp	-22.72 -9.1 -29.51		0.26		210 180 255
sp	-19.2 -4.77 -28.71		0.64		170 160 255
sp	-17.28 -4.71 -28.71		0.26		210 180 255
sp	-18.54 -6.17 -27.57		0.26		210 180 255
sp	-19.36 -6.67 -28.43		0.26		210 180 255
sp	-19.86 -2.97 -28.71		0.26		210 180 255
sp	-19.48 -2.94 -29.2		0.26		210 180 255
sp	-18.67 -6.37 -29.63		0.26		210 180 255
sp	-17.54 12.99 -30.38		1.6		130 140 255
sp	-13.71 10.08 -30.38		0.64		170 160 255
sp	-13.08 11.89 -30.38		0.26		210 180 255
sp	-12.93 8.98 -29.02		0.26		210 180 255
sp	-13.72 12.0 -30.37		0.26		210 180 255
sp	-15.53 9.47 -30.38		0.26		210 180 255
sp	-14.67 10.28 -32.03		0.26		210 180 255
sp	-13.6 8.18 -30.57		0.26		210 180 255
sp	-15.74 16.17 -27.27		0.64		170 160 255
sp	-14.75 17.81 -27.27		0.26		210 180 255
sp	-15.03 14.89 -26.03		0.26		210 180 255
sp	-16.37 17.62 -26.18		0.26		210 180 255
sp	-17.48 16.98 -27.27		0.26		210 180 255
sp	-15.75 18.09 -27.28		0.26		210 180 255
sp	-14.79 16.47 -28.91		0.26		210 180 255
sp	-18.84 17.02 -28.12		0.64		170 160 255
sp	-18.27 18.85 -28.12		0.26		210 180 255
sp	-18.32 18.63 -27.22		0.26		210 180 255
sp	-19.66 18.02 -26.7		0.26		210 180 255
sp	-19.58 15.24 -28.12		0.26		210 180 255
sp	-19.8 17.16 -29.78		0.26		210 180 255
sp	-18.18 15.63 -29.27		0.26		210 180 255
sp	-17.99 17.76 -30.38		0.64		170 160 255
sp	-16.24 18.56 -30.38		0.26		210 180 255
sp	-17.03 17.98 -28.72		0.26		210 180 255
sp	-18.19 15.89 -30.03		0.26		210 180 255
sp	-18.38 19.64 -30.38		0.26		210 180 255
sp	-18.69 16.46 -31.6		0.26		210 180 255
sp	-17.13 18.63 -31.86		0.26		210 180 255
sp	-17.62 8.19 -30.52		0.64		170 160 255
sp	-16.23 6.86 -30.52		0.26		210 180 255
sp	-16.95 6.82 -29.35		0.26		210 180 255
sp	-18.08 6.5 -29.73		0.26		210 180 255
sp	-19.07 6.93 -30.52		0.26		210 180 255
sp	-18.45 7.23 -31.96		0.26		210 180 255
sp	-16.76 7.36 -32.02		0.26		210 180 255
sp	-16.55 8.61 -32.08		0.64		170 160 255
sp	-15.81 10.38 -32.08		0.26		210 180 255
sp	-16.54 10.53 -32.07		0.26		210 180 255
sp	-16.64 10.52 -31.94		0.26		210 180 255
sp	-17.02 6.75 -32.08		0.26		210 180 255
sp	-16.89 6.81 -32.66		0.26		210 180 255
sp	-16.19 6.83 -32.72		0.26		210 180 255
sp	-10.88 -6.64 -32.99		1.6		130 140 255
sp	-6.13 -7.36 -32.99		0.64		170 160 255
sp	-5.31 -5.63 -32.99		0.26		210 180 255
sp	-5.42 -8.65 -31.76		0.26		210 180 255
sp	-6.8 -8.73 -31.82		0.26		210 180 255
sp	-8.0 -6.92 -32.99		0.26		210 180 255
sp	-7.07 -7.71 -34.63		0.26		210 180 255
sp	-5.82 -9.18 -33.54		0.26		210 180 255
sp	-8.74 -8.83 -29.3		0.64		170 160 255
sp	-6.92 -9.43 -29.3		0.26		210 180 255
sp	-7.99 -7.65 -27.99		0.26		210 180 255
sp	-9.64 -8.17 -27.73		0.26		210 180 255
sp	-10.65 -8.68 -29.3		0.26		210 180 255
sp	-9.58 -9.78 -30.74		0.26		210 180 255
sp	-8.65 -6.92 -29.45		0.26		210 180 255
sp	-12.82 -3.82 -29.62		0.64		170 160 255
sp	-11.32 -5.02 -29.62		0.26		210 180 255
sp	-12.7 -1.92 -29.42		0.26		210 180 255
sp	-13.64 -2.84 -28.2		0.26		210 180 255
sp	-13.8 -2.18 -29.62		0.26		210 180 255
sp	-13.72 -4.47 -31.19		0.26		210 180 255
sp	-12.65 -1.93 -29.92		0.26		210 180 255
sp	-13.32 -2.51 -32.99		0.64		170 160 255
sp	-12.86 -4.37 -32.99		0.26		210 180 255
sp	-12.77 -0.93 -32.04		0.26		210 180 255
sp	-13.85 -4.11 -32.08		0.26		210 180 255
sp	-15.04 -3.35 -32.99		0.26		210 180 255
sp	-13.98 -1.12 -34.14		0.26		210 180 255
sp	-12.61 -1.2 -34.21		0.26		210 180 255
sp	-11.9 -2.3 -34.77		0.64		170 160 255
sp	-10.79 -3.86 -34.77		0.26		210 180 255
sp	-11.3 -0.8 -33.72		0.26		210 180 255
sp	-12.69 -1.21 -33.39		0.26		210 180 255
sp	-13.75 -1.8 -34.77		0.26		210 180 255
sp	-12.81 -1.71 -36.35		0.26		210 180 255
sp	-10.94 -2.35 -36.43		0.26		210 180 255
sp	-10.22 -11.26 -34.12		0.64		170 160 255
sp	-9.08 -12.8 -34.12		0.26		210 180 255
sp	-9.89 -9.46 -33.55		0.26		210 180 255
sp	-11.09 -10.46 -32.61		0.26		210 180 255
sp	-10.89 -13.06 -34.12		0.26		210 180 255
sp	-10.83 -9.77 -35.18		0.26		210 180 255
sp	-9.26 -11.24 -35.79		0.26		210 180 255
sp	3.44 29.2 -5.95		4.0		90 120 255
sp	10.31 19.37 -5.95		1.6		130 140 255
sp	14.92 18.04 -5.95		0.64		170 160 255
sp	16.44 19.21 -5.95		0.26		210 180 255
sp	15.02 16.12 -5.79		0.26		210 180 255
sp	14.09 19.0 -4.51		0.26		210 180 255
sp	13.0 18.08 -5.95		0.26		210 180 255
sp	14.74 19.92 -6.27		0.26		210 180 255
sp	15.88 18.16 -7.61		0.26		210 180 255
sp	10.47 24.16 -5.68		0.64		170 160 255
sp	11.08 25.98 -5.68		0.26		210 180 255
sp	11.42 23.96 -4.03		0.26		210 180 255
sp	9.57 24.85 -4.13		0.26		210 180 255
sp	8.55 24.27 -5.68		0.26		210 180 255
sp	9.63 23.23 -7.14		0.26		210 180 255
sp	11.17 25.46 -6.9		0.26		210 180 255
sp	9.52 23.9 -4.58		0.64		170 160 255
sp	10.18 22.09 -4.58		0.26		210 180 255
sp	9.53 21.98 -4.56		0.26		210 180 255
sp	9.22 25.72 -4.05		0.26		210 180 255
sp	8.9 25.72 -4.58		0.26		210 180 255
sp	8.56 23.85 -6.24		0.26		210 180 255
sp	9.95 22.18 -5.32		0.26		210 180 255
sp	5.59 18.52 -5.95		0.64		170 160 255
sp	7.44 19.02 -5.95		0.26		210 180 255
sp	6.01 16.79 -5.22		0.26		210 180 255
sp	4.93 17.13 -4.8		0.26		210 180 255
sp	3.92 19.46 -5.95		0.26		210 180 255
sp	5.33 20.36 -6.4		0.26		210 180 255
sp	5.61 20.44 -5.99		0.26		210 180 255
sp	8.08 17.61 -9.82		0.64		170 160 255
sp	9.02 15.94 -9.82		0.26		210 180 255
sp	8.85 18.76 -8.49		0.26		210 180 255
sp	8.06 19.53 -9.79		0.26		210 180 255
sp	8.0 19.53 -9.82		0.26		210 180 255
sp	7.28 18.68 -11.2		0.26		210 180 255
sp	8.24 19.51 -10.1		0.26		210 180 255
sp	12.37 21.83 -9.52		0.64		170 160 255
sp	13.14 23.59 -9.52		0.26		210 180 255
sp	13.02 20.42 -8.39		0.26		210 180 255
sp	11.42 22.1 -7.87		0.26		210 180 255
sp	11.33 20.22 -9.52		0.26		210 180 255
sp	12.22 19.94 -9.79		0.26		210 180 255
sp	13.32 22.1 -11.16		0.26		210 180 255
sp	8.58 23.03 2.96		1.6		130 140 255
sp	11.0 27.18 2.96		0.64		170 160 255
sp	11.33 25.29 2.96		0.26		210 180 255
sp	11.77 26.02 4.29		0.26		210 180 255
sp	10.04 27.07 4.62		0.26		210 180 255
sp	10.06 28.86 2.96		0.26		210 180 255
sp	10.32 25.83 1.78		0.26		210 180 255
sp	11.4 28.92 2.26		0.26		210 180 255
sp	9.53 18.62 4.6		0.64		170 160 255
sp	10.49 20.28 4.6		0.26		210 180 255
sp	10.14 20.1 5.66		0.26		210 180 255
sp	8.64 17.9 6.14		0.26		210 180 255
sp	8.65 16.91 4.6		0.26		210 180 255
sp	9.01 17.01 3.7		0.26		210 180 255
sp	10.49 18.57 2.94		0.26		210 180 255
sp	6.7 20.06 6.23		0.64		170 160 255
sp	8.62 20.0 6.23		0.26		210 180 255
sp	7.28 18.53 7.23		0.26		210 180 255
sp	6.17 18.46 7.14		0.26		210 180 255
sp	4.84 19.57 6.23		0.26		210 180 255
sp	6.18 18.44 5.33		0.26		210 180 255
sp	7.61 19.46 4.65		0.26		210 180 255
sp	7.44 27.7 2.96		0.64		170 160 255
sp	8.77 26.3 2.96		0.26		210 180 255
sp	8.4 27.78 4.62		0.26		210 180 255
sp	7.23 29.57 3.33		0.26		210 180 255
sp	5.98 26.45 2.96		0.26		210 180 255
sp	6.53 28.26 1.37		0.26		210 180 255
sp	7.48 29.62 2.9		0.26		210 180 255
sp	6.86 19.69 -0.02		0.64		170 160 255
sp	7.42 17.86 -0.02		0.26		210 180 255
sp	7.72 18.86 1.48		0.26		210 180 255
sp	6.31 21.26 0.94		0.26		210 180 255
sp	5.05 19.05 -0.02		0.26		210 180 255
sp	5.91 19.36 -1.66		0.26		210 180 255
sp	6.92 17.78 -0.12		0.26		210 180 255
sp	8.8 18.25 2.58		0.64		170 160 255
sp	10.42 19.29 2.58		0.26		210 180 255
sp	9.72 17.7 4.17		0.26		210 180 255
sp	7.86 17.91 4.22		0.26		210 180 255
sp	7.87 19.93 2.58		0.26		210 180 255
sp	8.13 19.62 1.41		0.26		210 180 255
sp	9.41 19.75 1.54		0.26		210 180 255
sp	1.72 40.7 -2.98		1.6		130 140 255
sp	4.3 44.75 -2.98		0.64		170 160 255
sp	5.02 46.53 -2.98		0.26		210 180 255
sp	5.08 45.87 -1.63		0.26		210 180 255
sp	3.55 45.94 -1.68		0.26		210 180 255
sp	3.21 43.17 -2.98		0.26		210 180 255
sp	3.36 44.4 -4.61		0.26		210 180 255
sp	4.71 43.01 -3.69		0.26		210 180 255
sp	3.92 42.61 0.83		0.64		170 160 255
sp	4.82 44.31 0.83		0.26		210 180 255
sp	4.88 42.43 2.49		0.26		210 180 255
sp	3.6 40.8 1.39		0.26		210 180 255
sp	3.39 40.77 0.83		0.26		210 180 255
sp	3.01 42.0 -0.74		0.26		210 180 255
sp	4.88 42.41 -0.82		0.26		210 180 255
sp	-0.15 37.7 0.27		0.64		170 160 255
sp	0.44 35.88 0.27		0.26		210 180 255
sp	0.81 37.65 1.93		0.26		210 180 255
sp	-0.44 35.87 0.77		0.26		210 180 255
sp	-1.51 39.06 0.27		0.26		210 180 255
sp	-0.41 35.85 -0.18		0.26		210 180 255
sp	0.67 36.72 -1.16		0.26		210 180 255
sp	-3.03 41.37 -2.98		0.64		170 160 255
sp	-1.15 41.02 -2.98		0.26		210 180 255
sp	-2.3 40.13 -1.71		0.26		210 180 255
sp	-3.79 40.17 -1.68		0.26		210 180 255
sp	-4.92 40.99 -2.98		0.26		210 180 255
sp	-3.23 39.49 -3.31		0.26		210 180 255
sp	-2.64 43.12 -3.66		0.26		210 180 255
sp	0.58 36.48 -4.95		0.64		170 160 255
sp	1.95 37.82 -4.95		0.26		210 180 255
sp	0.66 38.39 -4.82		0.26		210 180 255
sp	-0.37 36.75 -3.31		0.26		210 180 255
sp	-1.12 37.37 -4.95		0.26		210 180 255
sp	-0.33 37.07 -6.54		0.26		210 180 255
sp	1.54 36.4 -6.62		0.26		210 180 255
sp	2.8 36.41 -4.85		0.64		170 160 255
sp	4.45 35.43 -4.85		0.26		210 180 255
sp	3.7 37.08 -3.29		0.26		210 180 255
sp	2.27 38.01 -3.92		0.26		210 180 255
sp	2.55 34.51 -4.85		0.26		210 180 255
sp	2.75 34.5 -4.93		0.26		210 180 255
sp	3.67 37.22 -6.36		0.26		210 180 255
sp	-4.93 37.81 -5.95		1.6		130 140 255
sp	-0.17 37.2 -5.95		0.64		170 160 255
sp	0.17 35.31 -5.95		0.26		210 180 255
sp	0.58 38.41 -4.66		0.26		210 180 255
sp	-0.77 38.69 -4.91		0.26		210 180 255
sp	-2.06 36.89 -5.95		0.26		210 180 255
sp	-0.92 36.02 -7.26		0.26		210 180 255
sp	0.79 37.28 -7.61		0.26		210 180 255
sp	-3.14 41.02 -2.86		0.64		170 160 255
sp	-2.48 42.82 -2.86		0.26		210 180 255
sp	-2.54 39.52 -1.82		0.26		210 180 255
sp	-4.1 40.88 -1.2		0.26		210 180 255
sp	-3.61 39.15 -2.86		0.26		210 180 255
sp	-3.79 39.6 -3.98		0.26		210 180 255
sp	-2.91 39.15 -3.26		0.26		210 180 255
sp	-6.81 34.83 -2.69		0.64		170 160 255
sp	-5.63 36.35 -2.69		0.26		210 180 255
sp	-5.91 35.49 -1.13		0.26		210 180 255
sp	-7.53 33.56 -1.44		0.26		210 180 255
sp	-8.23 33.54 -2.69		0.26		210 180 255
sp	-7.75 35.17 -4.33		0.26		210 180 255
sp	-6.71 32.92 -2.86		0.26		210 180 255
sp	-9.5 39.26 -5.95		0.64		170 160 255
sp	-8.12 37.93 -5.95		0.26		210 180 255
sp	-8.6 38.59 -4.39		0.26		210 180 255
sp	-9.55 37.34 -5.87		0.26		210 180 255
sp	-11.31 39.92 -5.95		0.26		210 180 255
sp	-10.46 39.14 -7.61		0.26		210 180 255
sp	-8.77 38.02 -7.22		0.26		210 180 255
sp	-6.09 33.6 -7.96		0.64		170 160 255
sp	-5.66 35.48 -7.96		0.26		210 180 255
sp	-5.15 34.07 -6.34		0.26		210 180 255
sp	-7.04 33.44 -6.3		0.26		210 180 255
sp	-7.04 31.94 -7.96		0.26		210 180 255
sp	-6.89 34.66 -9.35		0.26		210 180 255
sp	-6.02 31.69 -8.07		0.26		210 180 255
sp	-3.28 41.3 -8.8		0.64		170 160 255
sp	-2.18 42.88 -8.8		0.26		210 180 255
sp	-3.17 39.4 -8.61		0.26		210 180 255
sp	-3.94 39.9 -7.66		0.26		210 180 255
sp	-5.2 41.27 -8.8		0.26		210 180 255
sp	-3.3 39.38 -8.83		0.26		210 180 255
sp	-3.18 39.39 -8.98		0.26		210 180 255
sp	2.35 41.0 -7.84		1.6		130 140 255
sp	6.91 39.51 -7.84		0.64		170 160 255
sp	8.67 40.28 -7.84		0.26		210 180 255
sp	7.86 39.78 -6.19		0.26		210 180 255
sp	6.06 40.39 -6.36		0.26		210 180 255
sp	6.0 41.21 -7.84		0.26		210 180 255
sp	6.01 40.18 -9.39		0.26		210 180 255
sp	6.92 41.43 -7.85		0.26		210 180 255
sp	4.72 40.32 -3.72		0.64		170 160 255
sp	6.24 41.5 -3.72		0.26		210 180 255
sp	5.45 41.58 -2.47		0.26		210 180 255
sp	4.71 42.24 -3.7		0.26		210 180 255
sp	3.92 38.58 -3.72		0.26		210 180 255
sp	4.01 41.61 -4.95		0.26		210 180 255
sp	5.31 41.85 -4.73		0.26		210 180 255
sp	1.25 36.73 -5.94		0.64		170 160 255
sp	2.78 35.57 -5.94		0.26		210 180 255
sp	1.85 38.24 -4.91		0.26		210 180 255
sp	0.36 36.01 -4.4		0.26		210 180 255
sp	-0.4 37.72 -5.94		0.26		210 180 255
sp	0.64 38.21 -7.0		0.26		210 180 255
sp	1.44 38.62 -6.26		0.26		210 180 255
sp	-2.4 40.3 -7.84		0.64		170 160 255
sp	-0.55 40.8 -7.84		0.26		210 180 255
sp	-2.19 42.17 -7.48		0.26		210 180 255
sp	-2.52 42.2 -7.62		0.26		210 180 255
sp	-2.69 38.4 -7.84		0.26		210 180 255
sp	-3.25 39.4 -9.3		0.26		210 180 255
sp	-1.63 41.43 -9.18		0.26		210 180 255
sp	0.46 43.96 -11.11		0.64		170 160 255
sp	2.31 43.46 -11.11		0.26		210 180 255
sp	0.48 42.04 -11.07		0.26		210 180 255
sp	0.04 42.24 -10.37		0.26		210 180 255
sp	-0.84 45.38 -11.11		0.26		210 180 255
sp	0.22 45.82 -11.52		0.26		210 180 255
sp	1.15 45.3 -12.3		0.26		210 180 255
sp	3.86 44.73 -10.45		0.64		170 160 255
sp	3.94 42.81 -10.45		0.26		210 180 255
sp	4.34 43.07 -9.62		0.26		210 180 255
sp	3.37 46.39 -9.61		0.26		210 180 255
sp	2.76 46.3 -10.45		0.26		210 180 255
sp	3.35 46.36 -11.33		0.26		210 180 255
sp	4.09 42.87 -10.84		0.26		210 180 255
sp	9.02 24.8 -15.62		1.6		130 140 255
sp	9.88 29.52 -15.62		0.64		170 160 255
sp	11.79 29.39 -15.62		0.26		210 180 255
sp	10.14 27.68 -15.16		0.26		210 180 255
sp	9.08 30.61 -14.25		0.26		210 180 255
sp	9.74 27.61 -15.62		0.26		210 180 255
sp	8.98 30.23 -17.17		0.26		210 180 255
sp	10.33 31.22 -16.4		0.26		210 180 255
sp	10.29 20.73 -13.41		0.64		170 160 255
sp	10.63 22.62 -13.41		0.26		210 180 255
sp	11.24 21.08 -11.78		0.26		210 180 255
sp	9.45 19.81 -11.96		0.26		210 180 255
sp	8.38 20.95 -13.41		0.26		210 180 255
sp	9.72 19.19 -14.4		0.26		210 180 255
sp	10.81 22.35 -14.31		0.26		210 180 255
sp	8.51 20.11 -14.73		0.64		170 160 255
sp	9.85 18.74 -14.73		0.26		210 180 255
sp	8.59 18.2 -14.59		0.26		210 180 255
sp	7.56 20.42 -13.09		0.26		210 180 255
sp	7.77 21.89 -14.73		0.26		210 180 255
sp	8.4 22.02 -14.91		0.26		210 180 255
sp	9.24 18.89 -16.01		0.26		210 180 255
sp	5.78 28.35 -15.62		0.64		170 160 255
sp	6.96 29.86 -15.62		0.26		210 180 255
sp	5.91 30.25 -15.39		0.26		210 180 255
sp	4.84 28.71 -13.99		0.26		210 180 255
sp	4.45 29.74 -15.62		0.26		210 180 255
sp	4.91 29.17 -17.12		0.26		210 180 255
sp	6.74 28.39 -17.28		0.26		210 180 255
sp	7.95 29.1 -17.46		0.64		170 160 255
sp	9.87 29.04 -17.46		0.26		210 180 255
sp	8.27 30.92 -16.92		0.26		210 180 255
sp	7.1 28.21 -15.99		0.26		210 180 255
sp	6.55 30.42 -17.46		0.26		210 180 255
sp	7.05 29.75 -19.03		0.26		210 180 255
sp	8.25 30.93 -17.98		0.26		210 180 255
sp	9.75 20.23 -16.89		0.64		170 160 255
sp	11.6 20.75 -16.89		0.26		210 180 255
sp	10.17 21.96 -16.17		0.26		210 180 255
sp	8.82 20.71 -15.28		0.26		210 180 255
sp	7.86 20.57 -16.89		0.26		210 180 255
sp	8.92 21.19 -18.33		0.26		210 180 255
sp	10.71 20.47 -18.54		0.26		210 180 255
