C	0 0 -3		0 0 1		85


A	1.0		16 16 16


sp -107.72 -13.46 49.40 7.76 224 152 60 0 0 0 0
cy -152.43 5.12 -266.97 0 1 0 3.78 23.84 176 77 156 0 0 0 0
sp 455.68 -19.29 -164.49 6.69 131 6 247 0 0 0 0
sp -187.19 9.40 5.66 3.43 207 125 95 0 0 0 0
sp 246.93 15.97 60.36 2.48 190 98 129 0 0 0 0
sp -260.57 -14.23 -410.07 3.94 131 5 247 0 0 0 0
sp -162.82 -1.29 74.33 3.19 209 128 91 0 0 0 0
sp 192.20 -14.97 364.22 3.45 149 35 210 0 0 0 0
sp -54.73 -7.77 -30.97 4.31 238 174 32 0 0 0 0
sp -68.61 2.32 209.16 5.37 198 111 112 0 0 0 0
cy -438.90 5.83 201.61 0 1 0 2.70 11.73 131 6 246 0 0 0 0
sp -92.72 3.41 -141.43 6.43 211 132 86 0 0 0 0
cy -44.98 2.27 309.28 0 1 0 3.22 16.28 175 74 159 0 0 0 0
sp 233.64 -3.93 271.98 7.91 163 56 182 0 0 0 0
sp -224.71 19.66 -177.64 3.73 181 85 146 0 0 0 0
sp 279.83 -6.00 -70.07 2.39 181 84 147 0 0 0 0
cy 196.83 -9.51 -359.57 0 1 0 2.11 24.29 150 36 209 0 0 0 0
sp -119.14 -15.42 -115.56 2.96 212 133 84 0 0 0 0
cy -155.44 1.24 -316.70 0 1 0 7.55 37.28 165 58 179 0 0 0 0
sp 453.57 -0.17 -32.94 2.42 139 18 231 0 0 0 0
sp -106.90 -12.98 51.48 7.02 224 152 60 0 0 0 0
cy -156.11 0.87 -431.11 0 1 0 3.46 29.26 138 16 233 0 0 0 0
sp 15.96 -7.64 248.73 7.10 191 100 127 0 0 0 0
cy -179.72 -15.76 133.44 0 1 0 2.06 22.52 197 110 114 0 0 0 0
sp 164.82 12.53 -16.90 3.52 212 133 84 0 0 0 0
sp 57.50 -5.42 -344.35 2.79 165 60 178 0 0 0 0
sp 134.31 10.24 -439.91 4.31 137 16 234 0 0 0 0
sp 26.76 18.84 -380.56 3.47 157 47 194 0 0 0 0
sp -21.81 14.55 485.26 5.68 131 5 247 0 0 0 0
cy -14.71 0.06 180.98 0 1 0 6.38 11.79 208 127 92 0 0 0 0
sp 115.90 -15.16 225.32 5.08 190 98 129 0 0 0 0
cy -23.14 -16.12 85.94 0 1 0 2.49 24.64 232 164 45 0 0 0 0
cy -400.07 -14.21 -216.16 0 1 0 4.12 27.41 139 18 231 0 0 0 0
sp 386.02 10.99 -127.16 4.42 151 37 207 0 0 0 0
cy 119.06 5.55 197.61 0 1 0 6.17 12.40 196 107 117 0 0 0 0
cy -16.55 -16.88 25.02 0 1 0 4.49 13.32 247 188 15 0 0 0 0
sp 211.80 5.99 326.47 5.03 155 44 198 0 0 0 0
sp 484.71 -14.68 -18.13 2.71 131 5 247 0 0 0 0
sp -75.71 7.68 140.71 2.20 214 136 81 0 0 0 0
sp 193.93 -2.05 -118.80 6.89 197 109 115 0 0 0 0
sp -178.66 -8.33 307.99 5.92 164 57 181 0 0 0 0
cy -318.35 4.05 -233.24 0 1 0 7.26 32.58 154 42 201 0 0 0 0
sp -400.30 -8.03 260.58 5.10 133 8 243 0 0 0 0
cy -342.53 18.83 181.00 0 1 0 5.46 18.59 156 45 197 0 0 0 0
cy -318.53 -7.77 166.87 0 1 0 3.72 33.75 163 56 183 0 0 0 0
sp 296.26 -5.51 -388.10 7.02 130 4 249 0 0 0 0
cy -119.95 19.87 208.43 0 1 0 3.14 15.85 193 103 122 0 0 0 0
sp 278.79 -13.68 -262.66 2.26 157 46 195 0 0 0 0
sp -474.58 -19.28 -118.89 3.75 130 4 249 0 0 0 0
sp -342.99 -4.79 57.34 5.86 166 60 177 0 0 0 0
sp -413.29 13.83 -200.81 3.80 137 16 234 0 0 0 0
sp -399.31 -3.04 -222.66 4.43 138 17 233 0 0 0 0
cy -107.36 -7.04 -365.32 0 1 0 4.59 37.22 157 47 194 0 0 0 0
sp -299.94 -17.05 -18.68 6.90 178 79 153 0 0 0 0
sp 199.39 7.41 42.78 2.42 202 118 104 0 0 0 0
cy -495.79 18.53 23.49 0 1 0 3.53 22.40 128 1 253 0 0 0 0
sp 14.57 -13.81 201.03 3.74 203 119 102 0 0 0 0
sp -273.02 -1.49 -100.50 7.25 180 83 148 0 0 0 0
cy -23.96 -19.27 -251.90 0 1 0 6.39 28.05 190 98 129 0 0 0 0
sp 265.85 -5.47 307.46 4.77 151 37 207 0 0 0 0
cy -282.27 -13.74 14.25 0 1 0 3.08 15.06 182 86 144 0 0 0 0
sp -307.72 -4.80 149.70 2.04 167 63 174 0 0 0 0
sp 262.89 13.64 228.55 3.22 166 60 177 0 0 0 0
sp 191.26 19.86 303.78 7.07 163 56 183 0 0 0 0
cy 164.14 13.34 -448.44 0 1 0 2.93 10.74 133 8 243 0 0 0 0
cy 429.35 18.27 -176.23 0 1 0 6.19 21.70 136 14 236 0 0 0 0
cy 72.66 -17.62 -351.65 0 1 0 6.10 35.53 163 56 183 0 0 0 0
cy 484.58 4.28 -110.88 0 1 0 3.66 27.05 128 1 253 0 0 0 0
sp -472.26 -4.26 -128.50 3.47 130 4 249 0 0 0 0
cy -302.39 1.08 378.58 0 1 0 2.88 27.06 131 6 247 0 0 0 0
sp -254.18 -5.61 -43.60 2.01 189 96 131 0 0 0 0
sp -307.98 18.80 149.31 4.38 167 63 174 0 0 0 0
cy 197.26 4.92 -123.29 0 1 0 5.68 15.58 195 106 118 0 0 0 0
sp 182.70 -11.13 -403.02 7.49 142 23 225 0 0 0 0
sp -479.09 -16.31 81.51 3.32 131 5 247 0 0 0 0
sp -238.63 -18.85 211.83 4.70 173 72 162 0 0 0 0
cy -448.17 16.73 83.38 0 1 0 6.83 25.71 138 17 232 0 0 0 0
sp -24.46 -16.28 -101.69 3.01 228 158 53 0 0 0 0
sp 197.58 -18.73 220.21 2.02 179 81 150 0 0 0 0
sp 432.31 4.34 238.05 4.22 129 2 251 0 0 0 0
sp 21.69 11.34 303.93 3.88 177 78 155 0 0 0 0
sp 39.02 18.35 171.55 4.86 210 129 89 0 0 0 0
sp 245.96 5.19 -8.62 6.16 192 101 125 0 0 0 0
sp 34.75 -11.42 -314.40 2.44 174 73 161 0 0 0 0
sp 208.16 8.92 -329.81 4.93 155 43 198 0 0 0 0
sp -240.56 -6.43 312.21 5.99 154 42 201 0 0 0 0
sp 435.76 9.96 39.77 4.86 143 24 223 0 0 0 0
cy -41.82 8.89 398.19 0 1 0 3.65 14.95 152 39 204 0 0 0 0
sp 191.88 -9.75 -23.07 4.69 205 122 98 0 0 0 0
cy -346.13 -9.36 219.57 0 1 0 5.28 21.30 150 36 209 0 0 0 0
sp -177.48 3.79 78.02 7.08 205 122 98 0 0 0 0
cy -229.57 14.53 406.17 0 1 0 7.27 23.60 136 13 237 0 0 0 0
sp -345.69 -14.66 -73.47 4.23 164 58 180 0 0 0 0
cy 80.11 -6.01 389.15 0 1 0 6.79 23.36 153 41 202 0 0 0 0
cy -23.46 11.43 91.57 0 1 0 7.87 16.02 230 162 48 0 0 0 0
sp 54.97 11.52 -280.77 4.40 182 85 145 0 0 0 0
sp -443.57 -2.40 -153.61 2.46 135 12 239 0 0 0 0
sp 450.11 -16.39 97.01 5.47 137 15 234 0 0 0 0
sp 346.59 -4.69 337.95 3.27 131 6 246 0 0 0 0
sp 226.16 7.76 -81.67 7.03 193 103 122 0 0 0 0
sp 124.88 -9.46 -10.47 6.11 223 149 63 0 0 0 0
sp -365.94 1.06 -42.01 2.04 161 52 187 0 0 0 0
sp 205.75 15.32 356.64 4.75 150 35 209 0 0 0 0
sp 31.81 19.46 358.49 7.94 163 56 183 0 0 0 0
cy 298.86 -10.75 393.91 0 1 0 6.44 25.73 128 2 252 0 0 0 0
cy 394.30 -18.97 -162.42 0 1 0 2.36 25.79 146 29 217 0 0 0 0
cy -162.09 14.55 -79.14 0 1 0 7.05 39.70 209 127 91 0 0 0 0
sp 58.12 1.81 -262.29 4.33 186 92 137 0 0 0 0
cy 286.15 -3.49 -401.65 0 1 0 4.72 29.33 129 2 251 0 0 0 0
cy 303.41 -16.31 341.24 0 1 0 4.06 30.71 138 17 232 0 0 0 0
sp -61.76 8.65 375.28 6.51 158 47 193 0 0 0 0
sp -493.27 -14.59 21.11 3.43 129 2 251 0 0 0 0
cy 143.87 15.11 359.06 0 1 0 5.94 23.63 156 45 197 0 0 0 0
sp -218.83 -6.45 -189.32 6.86 181 84 147 0 0 0 0
sp -141.48 10.86 -454.83 3.00 133 9 242 0 0 0 0
sp 226.52 -7.00 111.20 3.16 190 99 128 0 0 0 0
cy 5.66 -13.01 -6.02 0 1 0 5.81 29.83 252 196 4 0 0 0 0
sp -415.54 -10.27 -18.11 5.62 148 33 212 0 0 0 0
sp -104.98 3.58 -376.53 2.52 155 43 199 0 0 0 0
cy 264.97 5.10 -303.54 0 1 0 3.87 14.10 152 38 205 0 0 0 0
sp -270.69 13.55 -403.33 5.08 131 5 247 0 0 0 0
sp 301.33 -14.82 -314.71 6.39 143 25 222 0 0 0 0
sp -133.31 11.71 391.36 7.42 149 34 210 0 0 0 0
sp 343.75 13.74 97.71 5.01 163 57 182 0 0 0 0
sp -173.86 3.33 327.71 3.72 160 51 189 0 0 0 0
cy -143.59 -10.01 -19.24 0 1 0 2.17 13.95 218 142 73 0 0 0 0
sp -187.64 -5.71 238.63 4.44 177 78 154 0 0 0 0
sp 40.86 -3.84 398.04 3.74 152 39 204 0 0 0 0
sp -212.15 -15.69 -10.20 4.29 200 115 108 0 0 0 0
sp 426.08 1.04 58.43 3.47 145 27 219 0 0 0 0
cy 219.40 -9.20 -185.75 0 1 0 4.95 29.46 181 85 146 0 0 0 0
sp -269.22 10.74 -79.29 6.71 183 87 143 0 0 0 0
sp -49.25 1.92 -428.71 6.36 144 27 220 0 0 0 0
cy -391.31 -17.83 -135.68 0 1 0 5.87 22.14 149 34 211 0 0 0 0
sp 224.96 15.74 -220.79 5.69 174 73 160 0 0 0 0
cy -47.73 8.15 390.12 0 1 0 7.80 26.33 154 42 200 0 0 0 0
sp 168.46 -14.36 433.17 4.23 136 14 237 0 0 0 0
cy 135.10 2.63 -476.30 0 1 0 4.98 16.78 128 1 252 0 0 0 0
sp 56.10 7.92 329.88 4.42 169 66 170 0 0 0 0
sp 442.25 8.02 5.76 3.72 142 23 225 0 0 0 0
sp -174.38 -19.34 -89.31 6.39 205 121 99 0 0 0 0
sp 311.09 -17.32 -18.51 7.16 175 75 158 0 0 0 0
sp -218.54 10.10 259.09 4.82 168 64 172 0 0 0 0
sp 117.94 13.43 -225.19 6.80 190 98 129 0 0 0 0
sp -175.24 -11.20 -159.04 6.08 194 105 120 0 0 0 0
cy -357.05 10.40 -30.41 0 1 0 7.64 13.57 163 56 182 0 0 0 0
sp 263.19 -18.69 319.63 4.40 149 34 211 0 0 0 0
sp 236.35 19.65 382.15 5.78 140 20 229 0 0 0 0
sp -289.07 18.56 217.59 5.63 162 55 184 0 0 0 0
sp -281.53 -6.98 -99.63 6.40 178 80 152 0 0 0 0
sp -16.04 18.25 -82.58 3.47 233 166 42 0 0 0 0
sp 265.90 1.13 317.11 5.59 149 34 211 0 0 0 0
sp -115.80 10.07 317.54 5.00 168 64 172 0 0 0 0
cy -9.59 -15.55 196.39 0 1 0 3.24 19.46 204 121 100 0 0 0 0
sp -333.44 -17.20 -139.37 2.88 162 55 184 0 0 0 0
sp -255.54 -15.34 266.18 3.70 160 52 188 0 0 0 0
cy -197.99 -5.66 115.20 0 1 0 6.45 25.91 196 108 116 0 0 0 0
sp -157.54 -15.26 -50.36 3.46 212 133 84 0 0 0 0
sp -247.25 -9.77 -213.97 5.41 171 69 166 0 0 0 0
sp -51.54 7.94 -51.79 6.24 236 170 37 0 0 0 0
cy 7.25 2.99 442.77 0 1 0 2.53 12.43 142 22 225 0 0 0 0
sp -166.70 8.07 5.81 6.66 212 133 85 0 0 0 0
sp -241.62 10.94 -325.32 3.18 151 37 206 0 0 0 0
cy -359.51 18.32 -274.77 0 1 0 3.01 11.12 139 19 230 0 0 0 0
sp 340.74 13.75 284.24 7.98 141 22 226 0 0 0 0
sp 385.21 14.98 -210.32 2.78 143 24 223 0 0 0 0
cy -131.44 -19.99 154.67 0 1 0 6.16 28.36 203 118 103 0 0 0 0
sp -341.28 -17.95 277.12 2.63 142 24 224 0 0 0 0
sp 42.60 8.58 -389.42 2.27 155 43 199 0 0 0 0
sp 241.22 4.31 -110.79 7.56 187 93 135 0 0 0 0
cy -90.50 -0.15 -98.30 0 1 0 5.37 36.46 220 146 68 0 0 0 0
sp 293.29 1.41 -304.89 5.65 147 30 215 0 0 0 0
cy 229.20 1.37 209.65 0 1 0 6.78 20.69 175 75 158 0 0 0 0
cy -6.84 -6.98 -316.03 0 1 0 4.91 29.10 174 73 161 0 0 0 0
sp -310.33 9.22 7.81 3.33 175 75 158 0 0 0 0
sp -232.83 19.02 74.71 4.28 192 102 124 0 0 0 0
sp 115.06 -15.00 -189.42 7.70 198 111 113 0 0 0 0
sp -116.52 1.93 -388.78 3.38 151 37 206 0 0 0 0
sp -405.84 10.18 -226.35 6.34 136 14 236 0 0 0 0
sp 94.99 6.17 -101.83 7.24 219 144 71 0 0 0 0
sp 28.03 5.53 -423.40 7.90 146 30 216 0 0 0 0
cy -29.12 -10.22 27.45 0 1 0 5.84 23.09 244 183 20 0 0 0 0
sp 0.86 -19.92 -268.35 7.91 186 92 136 0 0 0 0
cy -395.43 6.29 -219.34 0 1 0 3.97 12.46 139 19 230 0 0 0 0
sp 351.70 13.60 290.74 2.62 138 17 232 0 0 0 0
cy 40.68 9.92 -472.71 0 1 0 2.41 22.88 134 10 241 0 0 0 0
cy -95.39 8.59 443.32 0 1 0 7.89 19.06 139 18 231 0 0 0 0
cy 225.20 -8.55 153.40 0 1 0 6.55 36.18 185 91 138 0 0 0 0
sp -60.20 13.49 393.48 6.35 153 40 203 0 0 0 0
cy 416.13 18.26 -237.17 0 1 0 2.92 28.44 132 8 244 0 0 0 0
sp 444.05 -18.22 -205.37 5.95 130 4 249 0 0 0 0
cy -70.32 9.68 -154.05 0 1 0 4.71 26.03 211 132 86 0 0 0 0
sp -113.54 13.75 -376.60 2.56 154 42 200 0 0 0 0
cy 226.28 -8.44 442.89 0 1 0 3.61 25.26 128 1 253 0 0 0 0
sp -131.59 15.71 399.95 3.23 147 31 214 0 0 0 0
cy -207.30 -11.96 258.31 0 1 0 3.70 18.74 170 67 168 0 0 0 0
cy 382.97 15.12 213.12 0 1 0 3.97 21.97 143 24 223 0 0 0 0
sp -204.54 11.80 203.80 2.01 181 84 147 0 0 0 0
sp -247.13 3.24 168.51 3.55 178 80 152 0 0 0 0
sp 188.74 -12.93 224.52 7.62 180 82 149 0 0 0 0
sp 175.26 1.57 378.43 4.22 148 33 212 0 0 0 0
sp 114.06 -6.54 -471.40 2.46 131 5 247 0 0 0 0
sp -184.62 -16.48 268.64 4.85 171 69 166 0 0 0 0
cy 89.43 18.22 -277.42 0 1 0 2.55 36.57 180 83 148 0 0 0 0
cy 403.86 -3.66 28.72 0 1 0 2.00 36.26 151 38 206 0 0 0 0
sp 18.79 2.83 480.26 6.24 132 7 245 0 0 0 0
sp -89.60 3.69 -398.62 6.83 150 36 208 0 0 0 0
sp -46.41 -9.32 -314.90 2.09 173 72 162 0 0 0 0
sp 35.55 -13.71 256.92 4.82 188 96 132 0 0 0 0
cy 105.34 16.11 -242.00 0 1 0 5.23 15.23 187 94 134 0 0 0 0
sp 182.98 3.78 374.71 4.18 148 33 212 0 0 0 0
sp -395.70 0.02 198.50 5.12 142 22 225 0 0 0 0
sp -450.15 -4.37 -57.58 4.10 139 18 231 0 0 0 0
sp 204.83 10.23 -74.66 5.97 199 112 111 0 0 0 0
sp 11.14 -11.80 -414.08 2.03 149 34 211 0 0 0 0
cy -149.37 -15.81 176.10 0 1 0 2.80 25.12 196 107 117 0 0 0 0
cy 105.72 -16.05 -434.53 0 1 0 6.21 30.10 140 21 228 0 0 0 0
cy 101.95 -11.78 -341.83 0 1 0 2.95 20.32 164 57 181 0 0 0 0
cy 95.98 -16.68 140.73 0 1 0 5.46 30.48 211 131 86 0 0 0 0
cy -116.80 -13.31 -128.52 0 1 0 3.43 12.71 210 130 88 0 0 0 0
sp -115.98 14.36 -420.52 5.79 143 25 222 0 0 0 0
cy -281.09 1.48 -345.55 0 1 0 6.16 30.12 141 21 227 0 0 0 0
sp -34.92 16.59 424.19 6.03 146 29 217 0 0 0 0
sp 4.50 0.72 460.61 2.09 137 15 234 0 0 0 0
sp -238.80 -14.56 300.74 2.54 157 46 195 0 0 0 0
sp -187.24 8.20 -462.19 5.31 127 0 254 0 0 0 0
sp -264.25 16.28 -95.71 5.77 183 87 143 0 0 0 0
sp -355.59 9.96 -322.71 6.33 132 7 244 0 0 0 0
sp 440.17 3.30 166.50 5.57 134 11 240 0 0 0 0
sp -129.69 9.91 -458.39 2.96 133 9 242 0 0 0 0
cy 65.81 -5.89 361.30 0 1 0 2.58 22.66 161 53 187 0 0 0 0
sp -442.24 14.63 110.18 4.35 138 17 232 0 0 0 0
sp 386.42 6.32 -290.90 7.73 131 6 246 0 0 0 0
sp 23.41 1.43 -315.45 2.98 174 73 161 0 0 0 0
sp 29.61 6.65 469.57 3.78 135 11 239 0 0 0 0
sp -92.00 19.84 -215.93 4.18 195 106 119 0 0 0 0
sp -345.88 -6.33 -336.95 7.04 131 6 246 0 0 0 0
sp -130.85 -9.32 213.55 4.62 191 99 127 0 0 0 0
sp -301.59 9.77 -284.85 6.74 149 34 211 0 0 0 0
sp 250.20 3.44 -170.89 6.16 177 78 154 0 0 0 0
sp 197.25 16.14 -303.90 4.49 162 55 184 0 0 0 0
sp 16.42 6.79 15.97 5.72 249 190 11 0 0 0 0
sp -62.41 14.99 202.88 5.40 200 115 108 0 0 0 0
sp -27.77 18.51 -263.96 3.83 187 93 135 0 0 0 0
sp -227.35 -10.29 -60.83 8.00 194 105 120 0 0 0 0
sp -222.62 -1.91 398.63 6.77 138 17 232 0 0 0 0
sp -124.67 2.77 66.35 4.22 218 143 72 0 0 0 0
sp 409.60 2.98 13.21 4.05 150 36 209 0 0 0 0
cy 232.42 -19.71 396.39 0 1 0 4.83 21.27 137 16 234 0 0 0 0
cy -377.76 -14.46 -80.48 0 1 0 5.61 31.41 156 45 196 0 0 0 0
sp 139.19 19.75 353.00 3.55 158 48 193 0 0 0 0
cy -1.39 7.15 239.23 0 1 0 5.14 10.99 193 104 122 0 0 0 0
sp 150.13 -13.96 -142.64 4.24 202 117 105 0 0 0 0
sp 275.54 8.22 104.66 4.92 179 82 150 0 0 0 0
sp 361.73 8.64 -148.96 4.99 155 43 199 0 0 0 0
cy -8.61 -19.35 241.89 0 1 0 4.92 37.27 193 103 123 0 0 0 0
sp -400.94 -3.96 -290.51 2.26 128 1 252 0 0 0 0
sp -71.28 5.48 -258.00 3.49 186 92 136 0 0 0 0
sp 331.20 13.86 -161.38 2.16 161 52 187 0 0 0 0
sp 324.75 9.81 -368.03 7.00 129 3 250 0 0 0 0
sp 49.00 13.00 -345.41 6.86 166 60 177 0 0 0 0
sp 379.20 -16.47 79.24 6.51 156 45 197 0 0 0 0
cy 342.37 0.99 57.44 0 1 0 2.94 31.32 166 61 177 0 0 0 0
sp 177.52 14.49 36.53 3.84 208 127 92 0 0 0 0
sp -435.08 16.88 28.21 7.43 143 25 222 0 0 0 0
sp -153.34 -14.40 -448.25 6.47 134 10 241 0 0 0 0
sp -50.30 13.42 116.62 6.58 222 149 64 0 0 0 0
sp 114.09 -10.03 -455.84 7.04 135 12 239 0 0 0 0
sp 112.03 -16.98 218.80 3.50 192 101 125 0 0 0 0
sp -259.47 -7.02 17.46 6.08 188 95 132 0 0 0 0
sp -25.89 -11.45 278.64 3.30 183 88 142 0 0 0 0
sp -264.30 11.75 -240.30 7.10 163 57 182 0 0 0 0
sp 156.88 5.16 -263.82 4.41 176 77 156 0 0 0 0
sp -300.94 -18.63 350.39 4.98 137 15 235 0 0 0 0
sp -320.50 2.32 97.28 6.29 169 66 170 0 0 0 0
sp 73.18 -1.16 104.72 6.60 222 148 65 0 0 0 0
sp 139.10 -15.63 430.38 4.17 139 19 230 0 0 0 0
sp 250.09 0.86 -132.43 6.83 182 86 144 0 0 0 0
cy -312.98 -10.92 126.01 0 1 0 4.47 25.34 168 65 172 0 0 0 0
sp -81.47 -17.00 -139.59 2.17 213 135 82 0 0 0 0
cy 349.19 16.69 -139.72 0 1 0 3.32 37.43 159 49 191 0 0 0 0
sp -290.64 13.87 -337.38 4.95 141 21 227 0 0 0 0
sp 415.47 -18.99 -73.44 2.62 147 31 215 0 0 0 0
sp 472.14 -10.75 101.63 5.86 131 6 246 0 0 0 0
sp -247.85 12.97 -281.27 4.25 159 50 191 0 0 0 0
cy 31.20 19.06 -19.00 0 1 0 6.38 21.14 245 185 18 0 0 0 0
sp 143.63 -14.21 -450.04 6.36 134 11 240 0 0 0 0
sp 86.99 1.76 40.84 4.14 230 161 49 0 0 0 0
sp 309.80 -8.74 266.40 2.80 150 36 208 0 0 0 0
sp 366.89 0.48 0.29 4.99 161 53 187 0 0 0 0
sp 365.45 15.25 -193.75 2.08 149 34 210 0 0 0 0
cy 58.34 19.51 -147.41 0 1 0 7.33 11.72 214 136 80 0 0 0 0
sp -54.74 -13.33 83.95 4.97 229 159 51 0 0 0 0
cy -307.30 10.20 -108.99 0 1 0 7.61 25.72 171 69 166 0 0 0 0
cy -86.28 -3.73 229.42 0 1 0 5.58 13.62 192 101 125 0 0 0 0
sp -284.27 16.70 -240.00 6.24 160 51 189 0 0 0 0
sp 65.43 -2.23 460.62 6.12 136 13 237 0 0 0 0
cy 7.53 -1.62 -180.24 0 1 0 3.47 16.25 208 127 92 0 0 0 0
sp -143.62 17.79 289.54 2.56 172 70 164 0 0 0 0
sp 183.65 -5.83 89.55 5.44 202 118 104 0 0 0 0
sp 423.59 -11.18 58.33 6.64 145 28 218 0 0 0 0
sp 297.22 16.90 -156.33 2.33 169 65 171 0 0 0 0
cy -59.34 -2.16 229.97 0 1 0 6.17 31.68 194 104 121 0 0 0 0
sp -53.12 -5.07 -336.72 6.28 168 63 173 0 0 0 0
sp -196.93 3.31 -172.21 3.31 188 95 133 0 0 0 0
sp 115.64 14.18 -382.53 4.80 153 40 203 0 0 0 0
sp -36.85 -15.65 -495.40 2.45 128 1 253 0 0 0 0
sp 93.75 13.18 -211.40 2.10 196 107 117 0 0 0 0
cy 198.45 -0.74 -160.34 0 1 0 7.77 23.55 189 97 130 0 0 0 0
sp 95.59 5.09 447.47 7.69 138 16 233 0 0 0 0
sp 238.70 12.70 -4.02 5.20 194 104 121 0 0 0 0
cy 80.99 -6.17 30.02 0 1 0 6.10 12.45 232 165 44 0 0 0 0
sp 465.34 8.98 84.35 3.03 134 10 241 0 0 0 0
sp -255.30 -18.78 -311.28 6.25 152 38 205 0 0 0 0
sp 74.63 0.34 -200.15 4.29 200 114 108 0 0 0 0
sp 16.19 -18.93 140.34 5.89 218 143 72 0 0 0 0
sp -86.20 19.54 -61.22 7.75 228 157 53 0 0 0 0
sp -490.94 -19.27 19.53 6.84 129 3 250 0 0 0 0
sp -446.34 11.07 -168.26 4.72 133 9 243 0 0 0 0
cy 162.80 -6.97 -192.74 0 1 0 2.37 12.21 190 99 128 0 0 0 0
sp 95.73 -11.05 -465.01 4.32 133 10 242 0 0 0 0
cy -39.13 -10.32 -470.04 0 1 0 7.50 24.08 134 11 240 0 0 0 0
sp 7.99 4.90 -368.68 6.29 160 52 188 0 0 0 0
sp -192.41 6.94 228.34 2.69 178 80 152 0 0 0 0
sp -220.20 -18.35 -114.97 2.57 191 100 126 0 0 0 0
sp -48.67 -8.88 453.09 3.94 138 17 232 0 0 0 0
sp 48.99 -12.39 -482.08 7.82 131 6 247 0 0 0 0
sp -38.66 10.11 -341.20 6.53 167 62 175 0 0 0 0
sp -438.54 10.86 -0.29 7.63 143 24 223 0 0 0 0
cy -226.27 -3.64 98.53 0 1 0 3.19 12.55 192 101 125 0 0 0 0
cy 360.70 10.07 -49.45 0 1 0 6.58 37.46 162 54 185 0 0 0 0
cy 48.19 -15.26 -150.95 0 1 0 7.70 32.87 214 136 80 0 0 0 0
cy -1.57 15.60 -14.85 0 1 0 3.10 35.00 251 194 7 0 0 0 0
sp 315.63 7.97 383.80 4.22 128 1 253 0 0 0 0
sp 25.47 -7.44 -312.70 2.14 174 74 160 0 0 0 0
cy -72.78 8.07 296.47 0 1 0 5.59 18.19 177 77 155 0 0 0 0
sp 244.84 -4.84 124.70 5.12 184 90 140 0 0 0 0
cy -358.65 8.41 208.39 0 1 0 2.26 17.10 149 34 211 0 0 0 0
cy 302.10 6.31 -50.46 0 1 0 2.34 15.53 176 77 156 0 0 0 0
sp -20.22 10.45 -11.08 3.05 249 190 11 0 0 0 0
sp -165.16 12.81 -430.49 4.62 137 15 235 0 0 0 0
sp -116.99 14.20 209.95 2.87 193 103 122 0 0 0 0
cy -103.29 2.42 -379.68 0 1 0 3.96 12.92 154 42 200 0 0 0 0
sp 46.45 15.58 190.73 6.52 204 121 100 0 0 0 0
sp 322.00 -17.23 116.74 5.68 167 62 174 0 0 0 0
sp -8.92 4.71 317.17 6.65 174 73 161 0 0 0 0
sp 196.63 -4.95 244.24 7.74 175 74 159 0 0 0 0
cy -174.70 -16.60 71.70 0 1 0 6.65 12.36 206 124 96 0 0 0 0
sp -80.30 -12.71 -472.32 6.99 132 8 244 0 0 0 0
cy 256.96 11.24 -183.09 0 1 0 4.11 18.51 174 73 160 0 0 0 0
sp -68.04 1.65 450.63 3.04 138 17 232 0 0 0 0
sp 50.60 2.49 -456.63 7.11 137 16 234 0 0 0 0
sp -209.85 18.38 198.47 2.16 181 84 147 0 0 0 0
sp -442.04 17.25 -91.90 7.06 139 19 230 0 0 0 0
sp -421.72 19.20 -40.46 3.58 146 30 216 0 0 0 0
sp -136.04 0.57 435.39 4.34 138 17 232 0 0 0 0
cy 174.97 15.21 -61.25 0 1 0 7.15 32.96 207 125 94 0 0 0 0
cy 130.54 -15.30 66.98 0 1 0 4.18 37.06 217 141 74 0 0 0 0
cy -147.94 -17.55 369.90 0 1 0 6.10 18.89 153 40 203 0 0 0 0
sp -312.10 14.65 -269.66 7.11 149 35 210 0 0 0 0
sp -104.90 -11.89 -238.01 3.33 188 95 132 0 0 0 0
sp 421.58 15.51 53.53 6.45 146 30 216 0 0 0 0
cy -257.32 -19.18 401.46 0 1 0 6.63 17.93 133 9 243 0 0 0 0
sp 29.59 -14.08 257.67 6.09 188 96 132 0 0 0 0
sp -244.73 2.21 -122.56 7.41 185 90 139 0 0 0 0
sp 451.28 -7.28 33.41 6.95 139 18 230 0 0 0 0
sp -52.99 -19.57 -106.67 4.05 224 152 60 0 0 0 0
sp -283.30 7.49 -213.16 5.38 164 58 180 0 0 0 0
sp -251.81 8.84 -297.88 3.64 155 43 198 0 0 0 0
sp -190.53 4.97 -160.21 5.05 191 100 126 0 0 0 0
sp -206.73 -19.41 320.29 6.40 157 47 194 0 0 0 0
cy -126.89 6.70 189.38 0 1 0 5.61 10.41 196 108 116 0 0 0 0
cy -254.20 18.17 -77.33 0 1 0 6.53 28.37 187 93 135 0 0 0 0
sp -125.34 17.13 -396.67 6.88 148 33 212 0 0 0 0
sp -343.27 9.66 144.62 4.41 160 51 189 0 0 0 0
cy 350.00 -14.35 39.43 0 1 0 3.47 12.13 165 59 179 0 0 0 0
cy -218.84 18.16 128.71 0 1 0 6.47 27.98 190 98 129 0 0 0 0
sp 444.63 -18.01 -157.74 3.40 134 11 240 0 0 0 0
cy 365.05 10.24 277.70 0 1 0 2.53 35.11 138 16 233 0 0 0 0
sp 128.07 10.79 346.52 5.73 160 52 188 0 0 0 0
sp -109.39 -16.98 -49.60 6.28 224 151 61 0 0 0 0
cy 205.92 -3.69 -43.99 0 1 0 4.19 22.99 201 115 107 0 0 0 0
cy -98.45 -18.09 -355.00 0 1 0 4.59 21.82 161 52 187 0 0 0 0
sp 180.38 2.87 295.85 2.31 166 61 176 0 0 0 0
sp -69.59 -4.23 -18.58 5.75 236 171 36 0 0 0 0
sp -104.90 14.26 -397.40 4.34 150 35 209 0 0 0 0
cy -25.17 -9.08 439.87 0 1 0 4.43 21.52 142 23 224 0 0 0 0
sp 184.77 8.83 339.72 6.81 156 45 197 0 0 0 0
sp 85.98 16.32 -170.89 7.00 206 123 97 0 0 0 0
sp -294.74 -12.67 -288.62 7.37 149 34 210 0 0 0 0
cy 372.53 -8.15 153.31 0 1 0 6.53 30.96 152 38 205 0 0 0 0
sp 394.42 -3.81 -186.63 7.77 143 25 222 0 0 0 0
sp 78.67 -6.40 195.54 5.69 201 115 107 0 0 0 0
sp -371.63 -19.51 -257.81 7.74 139 19 230 0 0 0 0
sp 197.26 -17.93 -261.28 7.67 171 69 166 0 0 0 0
cy 100.46 13.35 326.75 0 1 0 2.37 32.32 167 63 174 0 0 0 0
sp 213.83 19.35 -379.00 3.12 144 25 221 0 0 0 0
sp 224.12 -1.08 -127.28 4.80 189 96 131 0 0 0 0
cy -66.17 -11.57 -191.21 0 1 0 3.40 11.38 203 119 103 0 0 0 0
sp -36.92 18.94 482.00 5.51 131 6 246 0 0 0 0
cy -345.58 11.79 -4.97 0 1 0 3.37 16.43 166 61 176 0 0 0 0
cy 354.69 12.36 121.96 0 1 0 4.20 30.66 159 49 191 0 0 0 0
sp 238.98 -16.18 -213.32 2.42 173 71 163 0 0 0 0
sp 217.18 -6.74 -248.41 7.85 170 68 168 0 0 0 0
cy 113.35 -17.93 469.11 0 1 0 7.19 21.11 131 6 246 0 0 0 0
cy 156.28 -3.81 -448.53 0 1 0 4.76 29.99 133 10 242 0 0 0 0
sp -97.74 -7.22 -37.87 2.73 228 158 53 0 0 0 0
sp -10.82 17.23 161.02 3.69 213 135 82 0 0 0 0
sp 119.61 -1.72 54.47 6.04 221 147 67 0 0 0 0
cy 440.86 -2.25 38.96 0 1 0 7.11 17.51 142 22 225 0 0 0 0
sp 79.17 -2.33 82.47 4.16 225 154 58 0 0 0 0
sp 395.08 -11.80 -115.42 5.17 150 35 209 0 0 0 0
sp 143.98 19.93 -165.62 3.37 199 112 111 0 0 0 0
sp 344.06 -16.33 12.87 3.49 167 62 175 0 0 0 0
sp 170.66 -12.62 -279.01 5.57 171 69 166 0 0 0 0
cy 348.99 8.48 -341.85 0 1 0 7.39 21.24 130 4 249 0 0 0 0
sp -85.86 10.66 -450.91 4.76 137 16 234 0 0 0 0
sp 309.11 -7.98 -3.92 4.05 176 76 157 0 0 0 0
sp -374.40 16.66 -32.21 2.34 159 49 191 0 0 0 0
cy 211.81 -11.18 -297.41 0 1 0 2.23 15.96 161 53 186 0 0 0 0
cy -297.96 -8.20 378.86 0 1 0 5.26 15.53 132 7 245 0 0 0 0
sp -330.44 -3.16 -7.61 6.60 170 67 168 0 0 0 0
cy -340.42 -8.30 -11.09 0 1 0 6.28 11.96 168 63 173 0 0 0 0
sp 117.94 2.35 366.08 4.40 156 46 196 0 0 0 0
cy -351.59 11.77 185.14 0 1 0 4.15 20.29 153 41 202 0 0 0 0
sp 35.87 4.10 -321.83 6.77 172 70 165 0 0 0 0
cy 423.39 -1.41 -32.91 0 1 0 5.86 13.53 146 30 216 0 0 0 0
sp -394.20 12.99 195.85 7.56 142 23 224 0 0 0 0
sp -209.82 15.17 175.76 4.66 185 90 139 0 0 0 0
sp 449.26 8.19 -69.08 6.10 139 18 231 0 0 0 0
sp 85.94 -16.97 110.91 3.20 219 143 71 0 0 0 0
cy 28.85 3.01 -34.73 0 1 0 2.41 39.59 243 181 23 0 0 0 0
sp -334.33 -3.75 223.52 2.71 152 39 205 0 0 0 0
sp 416.64 -10.62 -215.36 3.26 135 12 239 0 0 0 0
sp 428.08 18.83 155.79 3.98 138 17 232 0 0 0 0
cy -244.97 -6.88 7.97 0 1 0 4.68 29.36 192 101 125 0 0 0 0
cy 424.24 -12.36 151.93 0 1 0 7.93 15.94 140 19 229 0 0 0 0
sp 58.05 0.92 -453.25 6.98 138 17 233 0 0 0 0
cy 173.65 -15.33 -379.70 0 1 0 6.16 17.24 148 32 212 0 0 0 0
sp 344.30 16.42 336.70 7.39 132 7 245 0 0 0 0
sp -123.62 1.90 399.72 6.27 148 32 213 0 0 0 0
sp -357.98 2.14 -164.85 5.23 154 42 200 0 0 0 0
cy 36.45 -3.27 398.48 0 1 0 7.24 15.56 152 39 204 0 0 0 0
sp -290.20 -2.57 -118.97 2.72 175 74 159 0 0 0 0
cy 241.01 -16.40 -11.19 0 1 0 7.54 28.94 193 103 123 0 0 0 0
sp -207.55 13.64 -324.70 5.90 156 45 196 0 0 0 0
sp 45.75 -19.63 387.28 3.37 155 44 198 0 0 0 0
sp 295.83 5.39 21.51 7.68 179 81 151 0 0 0 0
cy 52.48 -9.56 -324.72 0 1 0 2.98 11.21 171 68 167 0 0 0 0
sp 428.07 8.68 156.09 7.35 138 17 232 0 0 0 0
cy 288.34 9.59 -176.92 0 1 0 7.92 24.63 168 64 172 0 0 0 0
sp -438.62 -9.11 -68.11 4.54 141 22 226 0 0 0 0
sp -390.65 14.26 -13.52 6.99 155 43 199 0 0 0 0
cy -396.33 -8.44 57.39 0 1 0 5.19 38.44 152 39 204 0 0 0 0
sp -335.80 -5.83 -192.28 5.14 156 45 197 0 0 0 0
sp -177.60 -7.23 -425.55 5.07 137 15 235 0 0 0 0
sp 114.69 -7.77 47.06 4.29 223 150 63 0 0 0 0
sp 45.50 -6.72 -315.56 4.73 173 72 162 0 0 0 0
cy -95.40 -7.15 386.69 0 1 0 7.78 17.32 153 40 203 0 0 0 0
sp 50.96 17.17 -474.47 4.03 133 9 243 0 0 0 0
sp 325.71 -3.36 297.75 5.68 142 23 225 0 0 0 0
cy -214.28 5.68 -38.31 0 1 0 2.95 23.55 199 112 111 0 0 0 0
sp 238.35 6.47 -232.18 7.70 170 66 169 0 0 0 0
cy -382.12 -17.86 -159.79 0 1 0 4.14 10.17 149 34 211 0 0 0 0
sp -340.37 6.77 228.10 5.52 150 36 208 0 0 0 0
cy 239.20 14.77 386.41 0 1 0 3.38 16.71 139 18 231 0 0 0 0
sp -94.63 9.96 -384.63 5.81 153 41 202 0 0 0 0
sp -349.30 -7.83 -329.60 3.07 132 7 244 0 0 0 0
sp 345.11 -3.31 -129.61 7.44 160 52 188 0 0 0 0
cy -210.81 13.71 -175.13 0 1 0 2.85 19.32 185 90 139 0 0 0 0
sp 413.28 -17.99 -148.44 2.84 143 24 223 0 0 0 0
sp -466.05 -5.45 161.08 7.68 129 2 251 0 0 0 0
sp -416.43 13.30 99.41 4.13 145 28 218 0 0 0 0
sp 162.30 -6.09 -162.40 6.91 196 108 117 0 0 0 0
sp 105.53 -7.74 -255.82 5.68 184 89 141 0 0 0 0
sp -267.90 4.06 -37.64 6.15 186 91 137 0 0 0 0
sp -413.12 -19.03 -68.05 2.89 148 32 213 0 0 0 0
sp 69.28 9.24 -324.22 3.44 170 67 169 0 0 0 0
cy -180.13 3.81 355.69 0 1 0 5.52 21.67 153 40 203 0 0 0 0
sp 58.98 6.60 364.93 6.47 160 52 188 0 0 0 0
sp -95.15 -4.22 -111.44 6.45 217 141 74 0 0 0 0
sp -141.05 -5.62 254.32 3.15 180 83 148 0 0 0 0
cy -351.41 8.12 243.13 0 1 0 7.37 24.41 146 29 217 0 0 0 0
sp 367.68 -7.33 38.92 7.85 160 52 188 0 0 0 0
sp -473.53 3.44 10.83 7.15 134 10 241 0 0 0 0
sp -107.91 8.83 112.11 3.88 215 137 79 0 0 0 0
sp -170.99 -19.34 -115.11 2.83 202 117 105 0 0 0 0
cy 94.92 -1.61 -356.83 0 1 0 3.69 29.29 160 52 188 0 0 0 0
cy 237.23 10.40 215.53 0 1 0 4.35 30.30 173 71 163 0 0 0 0
sp -95.24 8.02 371.03 5.07 157 46 195 0 0 0 0
cy -152.38 -0.20 -209.83 0 1 0 4.82 34.79 188 96 132 0 0 0 0
sp 99.34 -11.05 -70.81 7.90 223 151 62 0 0 0 0
sp -46.93 -19.97 -147.56 5.30 215 138 78 0 0 0 0
cy 297.88 19.24 148.19 0 1 0 7.45 29.19 170 66 169 0 0 0 0
sp 365.17 19.08 38.92 5.20 161 53 187 0 0 0 0
sp 389.42 -6.21 13.32 3.38 155 44 198 0 0 0 0
cy 122.01 -3.42 -13.60 0 1 0 4.76 39.66 223 150 62 0 0 0 0
sp 272.01 -4.36 -287.03 7.97 154 41 201 0 0 0 0
cy -104.23 18.01 -467.46 0 1 0 2.60 20.55 132 8 244 0 0 0 0
sp 252.64 5.58 24.79 4.83 190 98 129 0 0 0 0
cy -55.97 14.82 -267.19 0 1 0 4.09 15.31 185 90 139 0 0 0 0
sp -97.50 14.73 -318.38 3.67 170 66 169 0 0 0 0
sp 405.31 -9.22 -286.74 6.83 128 1 253 0 0 0 0
cy 268.71 -1.40 -232.52 0 1 0 4.28 19.50 164 57 181 0 0 0 0
cy -196.52 -2.67 -405.73 0 1 0 7.86 18.90 140 19 229 0 0 0 0
sp 9.97 11.92 140.60 5.28 219 143 71 0 0 0 0
sp 26.97 12.83 -50.69 7.94 240 177 29 0 0 0 0
cy 120.79 14.67 4.94 0 1 0 5.97 29.18 224 151 61 0 0 0 0
cy -221.65 10.87 37.00 0 1 0 2.28 23.01 197 110 114 0 0 0 0
sp 339.19 1.93 266.04 4.40 145 27 219 0 0 0 0
sp -140.27 3.98 32.12 2.77 218 142 73 0 0 0 0
sp 240.15 19.57 -63.43 2.54 191 100 126 0 0 0 0
sp -113.65 10.67 165.15 3.54 203 119 102 0 0 0 0
sp -136.21 5.10 11.67 2.12 220 145 69 0 0 0 0
sp 379.55 -14.86 9.61 4.81 158 48 193 0 0 0 0
sp 304.99 5.57 -219.40 4.59 159 49 191 0 0 0 0
sp 119.13 -17.55 161.15 3.83 203 119 102 0 0 0 0
sp -36.47 12.08 -189.07 3.66 205 122 98 0 0 0 0
sp 481.84 9.52 -25.32 7.65 131 6 246 0 0 0 0
sp -70.13 -19.25 491.09 4.24 128 1 252 0 0 0 0
cy -124.06 17.38 -256.70 0 1 0 6.58 17.66 182 85 145 0 0 0 0
sp 115.33 -14.61 424.48 4.96 142 24 224 0 0 0 0
sp 219.23 5.27 30.27 3.56 198 111 112 0 0 0 0
cy 402.66 0.06 159.46 0 1 0 2.32 28.28 144 26 220 0 0 0 0
sp 264.01 3.08 -214.98 5.25 168 63 173 0 0 0 0
sp -190.41 -17.98 -275.68 5.84 169 65 170 0 0 0 0
sp -84.20 6.56 -175.59 7.80 205 122 99 0 0 0 0
sp 496.74 -13.76 -28.77 7.91 128 0 253 0 0 0 0
sp -24.53 13.63 -415.66 7.33 148 33 212 0 0 0 0
sp 343.57 -14.28 -255.92 3.80 145 28 218 0 0 0 0
sp -86.52 1.51 357.69 4.61 161 52 187 0 0 0 0
sp -184.12 13.09 -57.99 5.92 205 122 98 0 0 0 0
sp -183.64 -6.47 -175.48 6.18 190 98 129 0 0 0 0
sp 117.38 17.50 -80.42 7.91 218 143 72 0 0 0 0
sp 427.31 -19.85 220.74 2.22 132 7 245 0 0 0 0
cy -269.81 2.10 414.25 0 1 0 4.13 20.09 128 2 252 0 0 0 0
sp 65.99 0.24 32.82 3.41 236 170 37 0 0 0 0
sp 255.28 -10.83 218.14 2.50 169 65 171 0 0 0 0
sp 205.67 3.90 -190.05 5.64 183 87 142 0 0 0 0
cy -369.11 -15.83 -151.92 0 1 0 2.51 34.21 153 40 203 0 0 0 0
cy -14.66 16.17 -30.61 0 1 0 7.45 39.31 246 186 17 0 0 0 0
sp 176.43 -12.16 -284.38 5.46 169 66 170 0 0 0 0
cy 380.04 -17.33 117.20 0 1 0 7.53 26.98 153 40 202 0 0 0 0
sp -227.46 14.20 -198.36 7.86 178 79 153 0 0 0 0
sp -362.92 -1.82 -166.16 3.72 153 40 203 0 0 0 0
sp 255.50 9.93 -220.99 4.06 168 64 172 0 0 0 0
sp -432.04 7.10 98.41 7.37 142 22 225 0 0 0 0
sp -101.47 14.89 413.55 5.71 146 29 217 0 0 0 0
cy -250.44 -12.51 -392.61 0 1 0 2.94 19.37 136 13 237 0 0 0 0
sp -29.88 9.43 -146.88 5.12 216 140 76 0 0 0 0
sp 81.75 10.46 -194.59 5.52 201 115 107 0 0 0 0
sp 365.26 19.79 84.94 5.48 159 49 191 0 0 0 0
sp 426.68 9.25 85.91 6.38 144 25 221 0 0 0 0
sp 425.04 7.64 133.01 2.98 141 21 227 0 0 0 0
sp 184.35 10.15 -357.66 6.46 152 39 205 0 0 0 0
sp -354.74 12.67 -204.52 5.19 150 36 208 0 0 0 0
sp 373.58 -0.79 204.29 4.93 146 29 217 0 0 0 0
sp 61.48 4.44 215.32 2.65 197 110 114 0 0 0 0
sp -379.91 3.65 78.38 3.89 156 44 197 0 0 0 0
sp -55.31 -12.23 -422.67 3.29 146 29 217 0 0 0 0
sp -400.68 9.57 269.11 3.08 131 6 246 0 0 0 0
sp 210.01 -18.82 -131.30 4.57 191 100 126 0 0 0 0
cy 165.88 -5.80 148.65 0 1 0 7.70 25.61 198 110 113 0 0 0 0
sp 94.13 -14.81 142.10 6.83 211 131 86 0 0 0 0
sp 385.76 -12.93 160.73 5.12 148 32 213 0 0 0 0
sp -227.96 -4.12 -371.23 6.36 143 25 222 0 0 0 0
cy -448.22 -16.27 82.93 0 1 0 5.06 30.17 138 17 232 0 0 0 0
cy 207.80 -19.59 213.78 0 1 0 7.67 32.21 178 80 152 0 0 0 0
cy 213.47 5.26 49.05 0 1 0 5.47 20.17 199 112 111 0 0 0 0
cy 273.64 -10.96 -361.09 0 1 0 4.89 15.00 139 18 231 0 0 0 0
cy 30.30 -8.55 265.13 0 1 0 3.21 23.56 186 93 136 0 0 0 0
sp 271.70 -18.13 295.36 7.24 152 39 204 0 0 0 0
cy 258.88 11.26 6.94 0 1 0 5.21 18.55 188 96 132 0 0 0 0
sp 424.90 -11.43 -129.70 7.82 141 22 226 0 0 0 0
sp 222.47 3.38 -223.27 5.83 174 73 160 0 0 0 0
sp -66.95 12.02 425.39 7.24 145 27 219 0 0 0 0
sp 466.29 -18.71 -178.96 4.03 127 0 254 0 0 0 0
sp -142.55 0.43 190.86 6.71 194 104 121 0 0 0 0
sp -33.95 12.39 -13.70 3.84 245 185 18 0 0 0 0
sp -105.34 -16.46 -86.06 4.35 220 145 69 0 0 0 0
cy 474.15 19.20 59.15 0 1 0 2.90 22.80 133 8 243 0 0 0 0
sp -86.61 12.75 316.16 5.56 171 68 167 0 0 0 0
sp -55.76 4.97 243.70 5.84 191 100 127 0 0 0 0
sp -114.31 -12.86 -478.04 7.18 129 3 250 0 0 0 0
sp -40.50 -17.97 -259.88 6.08 187 94 134 0 0 0 0
sp -298.76 14.05 195.28 6.45 163 57 182 0 0 0 0
sp -55.57 9.85 475.19 3.26 132 8 244 0 0 0 0
sp 343.89 16.11 -357.39 4.95 128 1 252 0 0 0 0
sp 257.43 -15.38 284.66 5.04 157 46 195 0 0 0 0
sp -142.63 2.81 134.06 5.52 205 121 99 0 0 0 0
sp 107.93 -13.48 -423.61 2.42 143 25 222 0 0 0 0
sp -129.18 -2.06 56.74 3.86 219 143 71 0 0 0 0
cy 23.75 -14.63 -115.15 0 1 0 7.26 18.77 225 152 59 0 0 0 0
sp -247.68 5.19 296.64 4.78 156 45 197 0 0 0 0
sp -9.35 2.45 281.92 5.11 183 87 143 0 0 0 0
sp 326.00 -5.51 278.21 6.67 145 28 218 0 0 0 0
sp -173.41 -14.77 336.59 5.57 158 48 193 0 0 0 0
cy -23.73 -19.74 160.18 0 1 0 2.74 22.99 213 135 82 0 0 0 0
sp -301.40 -13.77 222.11 4.39 159 50 190 0 0 0 0
sp 221.74 17.93 191.60 6.33 180 82 149 0 0 0 0
sp 173.72 -9.33 -346.32 7.88 156 45 197 0 0 0 0
sp -374.13 -5.44 211.99 3.62 145 27 219 0 0 0 0
cy 77.55 -17.30 -450.39 0 1 0 4.24 21.66 138 17 233 0 0 0 0
sp 123.47 -12.14 -129.96 3.55 209 128 91 0 0 0 0
sp -84.24 -19.89 -456.21 7.73 136 14 236 0 0 0 0
sp 465.27 -0.61 156.29 2.48 129 3 250 0 0 0 0
cy 267.71 15.35 331.94 0 1 0 4.53 35.95 146 29 217 0 0 0 0
sp 321.17 5.19 18.66 3.11 172 71 164 0 0 0 0
sp -75.55 18.36 -44.19 7.88 232 164 44 0 0 0 0
sp 23.02 7.02 344.10 3.93 167 62 175 0 0 0 0
sp -398.86 -10.57 224.36 2.63 138 16 233 0 0 0 0
sp -357.52 -8.77 -89.66 3.86 161 52 187 0 0 0 0
cy 43.08 13.71 -467.64 0 1 0 4.73 17.98 135 12 239 0 0 0 0
cy -221.09 9.78 -186.25 0 1 0 5.12 35.66 181 84 147 0 0 0 0
sp 68.86 16.70 -319.19 2.88 171 69 166 0 0 0 0
sp 279.81 18.63 75.12 3.71 181 84 147 0 0 0 0
cy 20.72 -14.26 477.58 0 1 0 7.08 12.60 133 8 243 0 0 0 0
sp 194.31 -3.95 304.68 7.60 162 55 184 0 0 0 0
cy -349.09 -17.30 136.91 0 1 0 2.34 27.02 159 50 191 0 0 0 0
sp -146.72 -8.33 4.36 2.72 217 141 74 0 0 0 0
sp 50.68 9.19 -69.32 4.88 233 165 43 0 0 0 0
sp 230.86 13.06 -188.05 7.83 179 80 151 0 0 0 0
sp -150.63 -0.05 -293.96 2.89 170 67 168 0 0 0 0
sp -64.86 -19.38 -151.00 2.59 213 134 83 0 0 0 0
sp -86.03 -5.17 146.73 2.09 211 131 86 0 0 0 0
sp -160.76 -15.90 128.77 5.35 202 117 105 0 0 0 0
sp 105.39 18.85 155.46 3.91 207 124 95 0 0 0 0
sp -20.23 -8.42 374.70 3.74 159 49 191 0 0 0 0
sp 332.32 -3.66 -233.03 7.58 151 37 206 0 0 0 0
sp -293.45 8.07 -52.16 3.62 178 80 152 0 0 0 0
cy -123.31 6.68 -169.06 0 1 0 6.74 15.56 201 116 106 0 0 0 0
sp 408.54 -9.96 -53.22 2.93 149 35 210 0 0 0 0
cy 126.84 -13.59 444.69 0 1 0 2.07 22.93 137 15 235 0 0 0 0
cy 37.32 -12.83 395.78 0 1 0 4.01 12.19 153 40 202 0 0 0 0
sp 273.85 -2.73 -376.53 5.67 136 13 237 0 0 0 0
sp 339.14 10.56 -2.65 6.08 168 64 172 0 0 0 0
sp 269.31 13.88 243.93 4.46 162 54 185 0 0 0 0
cy -452.59 -18.96 30.14 0 1 0 2.12 36.22 139 18 231 0 0 0 0
sp -33.72 -7.41 -82.94 3.15 232 164 45 0 0 0 0
cy 217.51 10.74 -397.20 0 1 0 2.08 19.45 139 18 230 0 0 0 0
sp 120.20 18.20 292.76 7.02 174 73 161 0 0 0 0
cy -219.17 4.24 -282.54 0 1 0 3.45 17.82 163 56 182 0 0 0 0
cy -128.90 -12.99 137.35 0 1 0 3.23 32.38 206 124 96 0 0 0 0
sp -11.38 17.44 -454.11 6.11 139 18 231 0 0 0 0
sp -178.62 8.64 296.36 5.44 166 61 176 0 0 0 0
sp 392.28 8.40 -247.66 7.96 136 14 236 0 0 0 0
sp 128.25 -8.14 -362.44 2.07 156 46 196 0 0 0 0
sp 241.20 -8.89 -344.19 2.63 147 31 214 0 0 0 0
sp 116.18 18.28 231.20 7.03 189 96 131 0 0 0 0
sp -257.57 -8.65 333.94 3.04 147 31 215 0 0 0 0
sp 254.84 19.05 163.31 4.47 177 78 154 0 0 0 0
cy -440.51 -15.95 50.53 0 1 0 5.88 38.89 141 22 226 0 0 0 0
sp 350.31 -13.10 280.31 4.91 140 20 228 0 0 0 0
sp 326.24 1.35 -171.38 7.51 161 52 187 0 0 0 0
sp 7.21 13.14 -187.69 3.57 207 124 95 0 0 0 0
sp -30.88 -12.15 -284.05 6.42 182 85 145 0 0 0 0
sp -39.14 10.83 -343.68 4.30 166 61 176 0 0 0 0
sp -218.54 7.01 -263.55 7.77 167 63 174 0 0 0 0
sp 163.53 -14.83 429.81 2.83 137 16 234 0 0 0 0
sp 71.60 18.93 137.76 6.70 215 137 79 0 0 0 0
sp -469.53 9.70 -42.32 3.99 134 11 240 0 0 0 0
sp 337.04 16.37 280.87 2.13 143 24 223 0 0 0 0
sp -404.14 -7.68 174.63 5.84 142 23 224 0 0 0 0
cy 304.23 0.76 98.43 0 1 0 7.47 26.91 173 72 163 0 0 0 0
sp -63.04 -9.85 -396.19 4.42 152 39 204 0 0 0 0
sp 101.37 -16.66 469.41 3.72 132 7 244 0 0 0 0
cy 387.05 -2.85 277.46 0 1 0 6.61 15.79 133 9 242 0 0 0 0
sp -421.15 -9.50 166.38 2.30 139 18 230 0 0 0 0
sp -238.15 19.32 74.05 3.46 191 100 127 0 0 0 0
sp -395.35 0.18 -50.64 5.96 153 40 203 0 0 0 0
sp -247.38 15.69 -205.87 6.70 172 71 164 0 0 0 0
cy -36.37 11.54 -178.95 0 1 0 7.52 29.70 208 126 93 0 0 0 0
sp 484.66 12.17 114.94 6.49 127 0 254 0 0 0 0
sp 421.88 4.53 96.58 3.11 144 26 220 0 0 0 0
cy 363.45 5.98 231.42 0 1 0 5.50 11.39 145 27 219 0 0 0 0
sp 18.37 5.55 -360.84 2.14 162 55 184 0 0 0 0
sp 188.84 16.13 311.29 6.90 162 54 185 0 0 0 0
cy 40.62 -9.61 20.26 0 1 0 3.25 34.08 243 181 23 0 0 0 0
sp -141.83 16.83 -49.38 5.75 216 139 76 0 0 0 0
sp -111.24 -19.09 431.94 7.55 141 21 227 0 0 0 0
sp 194.51 10.92 -305.75 6.62 162 55 184 0 0 0 0
sp -45.60 10.96 -150.49 6.58 214 137 80 0 0 0 0
cy 76.33 2.13 -412.51 0 1 0 6.53 18.85 148 32 213 0 0 0 0
sp 5.56 16.98 -177.93 5.23 209 128 90 0 0 0 0
cy 75.80 3.11 258.01 0 1 0 6.39 17.97 186 92 137 0 0 0 0
sp 327.16 0.69 92.24 4.52 168 64 173 0 0 0 0
sp 283.32 -2.37 -223.09 3.87 163 55 183 0 0 0 0
sp 124.27 -19.95 -387.84 7.84 151 37 207 0 0 0 0
cy 317.43 11.05 98.62 0 1 0 3.13 25.13 170 67 169 0 0 0 0
sp 423.14 -17.37 254.24 7.51 129 2 251 0 0 0 0
sp 379.37 10.14 -194.61 5.32 146 29 217 0 0 0 0
cy 100.96 -5.88 202.27 0 1 0 2.23 32.22 197 109 115 0 0 0 0
sp -231.94 15.07 -377.54 6.34 142 22 225 0 0 0 0
sp 250.42 2.18 -302.65 2.17 154 42 200 0 0 0 0
sp -251.17 17.53 290.41 2.60 157 46 195 0 0 0 0
sp 154.86 19.42 -285.27 4.21 172 70 165 0 0 0 0
cy 151.66 1.38 289.12 0 1 0 3.39 16.75 171 69 166 0 0 0 0
sp 301.51 0.35 220.09 6.95 159 50 190 0 0 0 0
cy -267.21 -0.96 160.86 0 1 0 7.63 36.13 175 75 159 0 0 0 0
sp -56.43 5.05 -435.35 2.49 143 24 223 0 0 0 0
cy -205.71 -1.45 24.66 0 1 0 2.31 38.60 202 117 105 0 0 0 0
sp -248.26 -3.59 -179.95 4.42 176 77 156 0 0 0 0
sp 318.27 18.64 -44.12 7.91 173 71 163 0 0 0 0
cy 75.00 -5.25 -134.41 0 1 0 2.69 18.69 215 138 78 0 0 0 0
sp -358.87 -13.68 32.82 5.63 163 55 183 0 0 0 0
sp -446.16 10.97 -108.70 3.07 137 16 234 0 0 0 0
sp 215.40 11.29 -58.23 7.57 198 110 113 0 0 0 0
cy -184.48 -2.27 384.35 0 1 0 5.95 38.44 146 29 217 0 0 0 0
sp 230.58 -4.91 19.19 5.67 195 107 118 0 0 0 0
cy 329.04 -2.44 13.89 0 1 0 4.91 19.73 171 68 167 0 0 0 0
sp -394.74 -6.77 -31.38 7.65 154 41 201 0 0 0 0
cy -1.27 -16.11 37.61 0 1 0 5.78 10.78 245 184 19 0 0 0 0
sp -158.95 19.59 -331.88 2.49 161 52 187 0 0 0 0
cy -178.49 7.84 54.46 0 1 0 3.36 11.24 207 125 95 0 0 0 0
sp -318.27 -11.51 -336.15 7.16 136 14 236 0 0 0 0
cy -215.88 3.55 -44.51 0 1 0 2.50 36.89 198 111 112 0 0 0 0
sp -165.85 -0.42 -179.37 4.36 192 102 124 0 0 0 0
sp 88.59 10.01 272.37 3.01 181 85 146 0 0 0 0
sp -373.92 18.49 35.18 3.48 159 49 191 0 0 0 0
sp 204.47 -0.07 422.97 2.75 135 12 239 0 0 0 0
sp 191.59 -15.66 -246.77 6.09 175 75 159 0 0 0 0
sp 462.52 7.87 2.95 3.53 137 14 235 0 0 0 0
cy 181.49 2.61 -232.08 0 1 0 4.30 32.10 179 82 150 0 0 0 0
cy 41.80 11.70 -364.15 0 1 0 5.31 19.24 161 53 186 0 0 0 0
sp 375.15 8.19 60.18 6.69 158 48 193 0 0 0 0
sp -234.46 -13.92 251.75 4.69 167 62 175 0 0 0 0
cy -24.80 -2.98 -357.72 0 1 0 4.07 17.27 163 56 182 0 0 0 0
sp 25.30 1.03 -178.71 5.13 208 127 92 0 0 0 0
sp 240.37 7.04 -86.92 7.50 189 97 130 0 0 0 0
sp 178.16 15.47 11.46 5.11 209 128 91 0 0 0 0
sp 63.64 -12.71 152.89 5.19 212 133 84 0 0 0 0
sp -337.69 -4.20 -308.89 5.81 138 16 233 0 0 0 0
sp 237.63 15.99 157.87 3.27 182 85 145 0 0 0 0
sp 193.94 -4.23 -439.26 2.41 132 7 244 0 0 0 0
cy -274.33 -10.07 143.21 0 1 0 7.07 32.26 176 76 157 0 0 0 0
sp -418.58 1.67 -114.75 2.15 144 26 221 0 0 0 0
sp 314.72 -4.78 -301.54 6.26 143 25 222 0 0 0 0
sp -97.50 -0.58 388.73 5.04 152 39 204 0 0 0 0
cy 262.27 15.50 61.11 0 1 0 6.53 38.69 186 92 137 0 0 0 0
cy 70.31 -13.56 109.61 0 1 0 7.35 11.05 221 147 66 0 0 0 0
sp 133.39 15.89 -92.29 3.49 213 135 82 0 0 0 0
sp -8.76 -16.03 352.30 6.09 165 59 179 0 0 0 0
sp -409.45 -18.98 -75.18 7.95 148 33 212 0 0 0 0
cy -140.55 -6.22 -444.51 0 1 0 6.80 29.48 136 13 237 0 0 0 0
sp -167.32 -8.33 331.24 4.60 160 51 189 0 0 0 0
sp -22.65 17.72 139.91 5.78 218 143 72 0 0 0 0
sp 351.31 -17.65 -335.81 5.53 131 5 247 0 0 0 0
sp -86.41 -18.08 18.32 3.85 232 164 45 0 0 0 0
sp 60.24 19.32 55.17 3.04 234 167 41 0 0 0 0
sp 225.49 7.58 118.43 4.18 190 98 129 0 0 0 0
cy 148.97 -12.44 -64.72 0 1 0 4.23 30.08 213 135 82 0 0 0 0
sp -392.39 -19.93 -234.58 3.54 138 17 233 0 0 0 0
sp 154.17 -7.55 -403.95 3.58 144 27 220 0 0 0 0
sp 44.04 18.60 -376.54 3.90 158 48 193 0 0 0 0
cy 46.14 13.32 148.81 0 1 0 2.69 24.29 215 137 79 0 0 0 0
sp -92.85 -5.88 484.82 3.28 129 2 251 0 0 0 0
cy 347.00 6.88 -37.61 0 1 0 6.34 38.45 165 60 178 0 0 0 0
sp -425.00 0.78 53.00 4.35 145 28 218 0 0 0 0
cy 239.93 -12.08 435.46 0 1 0 2.02 13.71 128 1 253 0 0 0 0
cy -78.00 3.80 -380.60 0 1 0 2.08 37.16 155 44 198 0 0 0 0
cy -142.00 -6.51 -438.87 0 1 0 4.27 20.57 137 15 235 0 0 0 0
sp -143.75 -5.23 -197.65 3.25 192 102 124 0 0 0 0
sp 165.33 14.46 391.14 7.71 146 30 216 0 0 0 0
sp -317.84 -17.17 198.26 6.96 159 50 191 0 0 0 0
sp 73.84 -12.84 245.65 6.07 189 97 130 0 0 0 0
sp 201.67 -12.59 -270.66 7.62 168 64 172 0 0 0 0
cy 157.82 5.09 -190.11 0 1 0 6.78 29.08 191 101 126 0 0 0 0
sp 206.45 -12.89 -351.56 7.03 151 36 207 0 0 0 0
sp -191.81 13.57 419.63 2.45 137 15 235 0 0 0 0
cy 329.74 8.31 -127.68 0 1 0 4.75 33.62 164 58 180 0 0 0 0
sp -357.51 6.91 20.77 4.53 163 56 182 0 0 0 0
sp 164.42 3.47 421.25 3.61 139 19 230 0 0 0 0
cy 3.15 6.17 174.03 0 1 0 5.71 29.73 210 130 88 0 0 0 0
sp -168.52 -14.87 415.92 2.60 140 20 228 0 0 0 0
sp 72.33 -17.32 -471.63 2.33 133 9 243 0 0 0 0
sp 144.96 -5.29 43.35 2.83 216 139 77 0 0 0 0
sp 484.60 -8.72 -121.85 2.47 127 0 254 0 0 0 0
sp 333.95 -14.09 -212.63 3.85 154 41 201 0 0 0 0
sp -332.44 17.85 59.72 4.43 168 64 172 0 0 0 0
sp 113.20 -4.21 -252.41 6.62 184 89 141 0 0 0 0
cy -188.50 3.50 225.15 0 1 0 6.62 17.61 180 82 149 0 0 0 0
sp -186.04 16.37 -305.44 2.61 163 56 182 0 0 0 0
sp -398.04 19.36 118.43 4.05 149 33 211 0 0 0 0
sp 259.07 18.40 -224.80 7.25 167 62 174 0 0 0 0
cy -186.43 -18.10 -98.78 0 1 0 6.81 17.57 201 115 107 0 0 0 0
sp 92.34 2.50 471.37 6.68 132 7 244 0 0 0 0
sp -403.16 3.47 -154.43 7.17 144 27 220 0 0 0 0
sp 228.89 -4.23 372.12 5.54 143 25 222 0 0 0 0
sp 31.26 5.25 -238.98 2.72 193 103 122 0 0 0 0
cy 74.55 4.13 451.50 0 1 0 3.04 26.86 138 16 233 0 0 0 0
sp 223.60 15.85 -32.27 7.46 197 109 115 0 0 0 0
cy -358.41 -8.83 213.68 0 1 0 7.64 31.95 148 33 212 0 0 0 0
sp -98.40 -2.28 -101.43 5.58 218 143 72 0 0 0 0
sp -407.06 11.89 123.55 5.52 146 29 216 0 0 0 0
sp 307.22 -19.93 120.36 7.37 170 68 168 0 0 0 0
cy -250.86 -9.23 -401.40 0 1 0 4.90 28.61 134 10 241 0 0 0 0
sp 228.18 16.30 266.68 4.11 165 59 178 0 0 0 0
sp 415.19 -16.54 -75.42 7.85 147 31 215 0 0 0 0
sp -85.24 -6.44 -196.81 2.15 200 114 109 0 0 0 0
cy -14.37 -6.79 369.78 0 1 0 5.66 33.18 160 51 188 0 0 0 0
sp -52.97 5.95 236.67 7.92 193 102 123 0 0 0 0
cy 226.85 5.34 -326.56 0 1 0 5.72 25.37 153 40 202 0 0 0 0
cy -225.82 -19.77 346.97 0 1 0 2.89 39.04 149 34 211 0 0 0 0
sp -24.12 7.43 384.62 6.02 156 45 196 0 0 0 0
cy 36.86 -9.45 -462.98 0 1 0 2.17 27.22 136 14 236 0 0 0 0
sp 198.40 -19.12 423.05 2.61 135 13 238 0 0 0 0
sp 219.95 17.46 -446.63 4.56 128 0 253 0 0 0 0
cy 280.52 -0.03 317.88 0 1 0 3.00 39.05 146 30 216 0 0 0 0
sp -10.78 -16.74 -428.97 5.72 145 28 218 0 0 0 0
cy -307.41 14.79 40.11 0 1 0 6.76 24.52 175 75 158 0 0 0 0
cy -230.04 9.18 32.74 0 1 0 4.22 21.42 195 107 118 0 0 0 0
sp 162.55 11.08 63.19 6.43 210 130 88 0 0 0 0
cy 72.39 -13.83 -323.49 0 1 0 5.96 34.84 170 67 169 0 0 0 0
sp -388.26 18.13 -6.45 5.71 155 44 198 0 0 0 0
cy -428.53 3.26 130.91 0 1 0 6.47 39.63 140 20 228 0 0 0 0
cy -361.97 6.86 158.10 0 1 0 2.83 10.54 154 42 201 0 0 0 0
sp 333.05 9.76 107.32 7.66 165 60 178 0 0 0 0
sp 168.13 13.82 33.74 2.07 211 131 87 0 0 0 0
sp 29.13 -17.20 308.25 4.36 176 76 157 0 0 0 0
sp 362.07 -6.42 -57.21 7.82 161 53 186 0 0 0 0
sp -460.84 -10.22 -149.22 4.04 131 6 247 0 0 0 0
sp 228.11 18.11 -125.58 2.70 188 95 132 0 0 0 0
sp -2.60 -5.66 199.41 7.72 204 120 101 0 0 0 0
sp 419.63 1.37 4.99 4.79 147 32 214 0 0 0 0
sp -219.30 -17.94 -117.36 6.87 191 100 126 0 0 0 0
sp 476.47 -10.65 32.88 7.17 133 8 243 0 0 0 0
cy -34.42 0.79 -457.84 0 1 0 6.05 20.40 137 16 234 0 0 0 0
cy 49.30 7.27 447.69 0 1 0 6.61 19.38 140 19 229 0 0 0 0
sp -95.94 -5.91 200.89 7.30 198 110 113 0 0 0 0
cy -205.07 -19.30 230.57 0 1 0 7.18 23.66 176 76 157 0 0 0 0
sp -330.89 14.98 -195.50 5.89 156 46 196 0 0 0 0
sp 124.47 2.94 -283.12 4.51 176 76 157 0 0 0 0
cy 219.56 -18.07 -77.98 0 1 0 4.63 20.75 195 106 118 0 0 0 0
sp -137.88 -3.59 -146.81 7.94 203 119 102 0 0 0 0
sp -21.38 8.75 167.93 3.00 211 132 86 0 0 0 0
cy 351.87 -14.17 4.75 0 1 0 2.79 11.76 165 59 179 0 0 0 0
sp 85.26 19.38 -7.20 5.02 233 165 43 0 0 0 0
sp 76.55 -14.78 141.09 3.12 214 135 81 0 0 0 0
sp 291.26 -10.43 355.07 4.68 137 16 234 0 0 0 0
sp -152.81 3.85 101.72 2.66 208 126 93 0 0 0 0
sp -70.47 4.53 348.27 4.71 164 57 181 0 0 0 0
sp -48.53 -10.70 -136.39 3.04 218 142 73 0 0 0 0
sp -277.02 -3.77 -19.23 5.74 184 88 141 0 0 0 0
sp 160.66 -6.74 52.14 5.68 211 132 86 0 0 0 0
sp 231.24 4.72 254.14 3.93 167 62 175 0 0 0 0
sp 12.07 -14.25 -197.46 4.38 204 120 100 0 0 0 0
cy -228.62 -6.14 -274.69 0 1 0 3.09 38.02 163 57 182 0 0 0 0
sp -466.10 -18.67 -7.95 4.69 136 13 237 0 0 0 0
sp 185.55 -2.26 -387.97 7.21 145 27 219 0 0 0 0
sp 232.28 1.80 -431.92 2.59 129 3 250 0 0 0 0
sp -266.97 -10.33 -343.83 6.59 143 25 222 0 0 0 0
sp -435.59 -17.15 133.06 5.55 138 17 232 0 0 0 0
sp -365.59 -17.28 -3.24 2.75 161 53 186 0 0 0 0
sp -334.53 4.51 218.75 5.63 153 40 203 0 0 0 0
sp -141.22 19.33 462.76 5.92 131 6 246 0 0 0 0
sp -187.14 3.05 -322.35 6.72 159 50 190 0 0 0 0
cy 71.48 -8.83 -10.58 0 1 0 6.38 34.28 236 171 36 0 0 0 0
cy -118.54 -17.76 145.83 0 1 0 2.90 24.63 207 124 95 0 0 0 0
sp 142.82 8.89 113.06 7.43 208 127 92 0 0 0 0
cy 416.66 -10.04 24.79 0 1 0 7.00 18.17 148 33 212 0 0 0 0
sp 130.87 -19.85 -255.27 4.19 181 85 146 0 0 0 0
sp -107.90 18.00 43.69 3.32 225 153 59 0 0 0 0
sp -175.35 -9.63 25.31 4.58 209 129 90 0 0 0 0
cy 162.65 10.25 -102.87 0 1 0 6.59 24.69 205 123 98 0 0 0 0
cy -469.10 0.90 -171.74 0 1 0 5.41 20.72 127 0 254 0 0 0 0
sp -195.14 -13.36 -389.51 4.22 143 25 222 0 0 0 0
sp -256.42 12.51 389.94 2.65 135 13 238 0 0 0 0
sp 160.03 -1.18 189.57 7.49 191 100 126 0 0 0 0
sp 376.46 6.85 304.19 6.12 131 6 246 0 0 0 0
sp -90.52 -1.13 333.55 5.91 166 61 176 0 0 0 0
sp -63.36 9.98 -71.96 3.54 230 161 48 0 0 0 0
sp -278.20 19.02 257.74 7.23 158 48 193 0 0 0 0
sp 219.62 11.44 318.00 6.32 156 45 197 0 0 0 0
sp 128.34 -6.75 -62.03 7.39 218 142 72 0 0 0 0
cy 327.72 18.76 -189.06 0 1 0 3.71 26.64 158 48 192 0 0 0 0
cy -463.23 12.57 84.62 0 1 0 4.34 18.87 134 11 240 0 0 0 0
sp -379.54 -11.02 29.39 3.39 157 47 194 0 0 0 0
cy 230.92 1.82 39.06 0 1 0 7.16 19.74 195 106 119 0 0 0 0
sp -187.46 13.83 -426.53 2.84 136 13 237 0 0 0 0
sp 104.52 16.15 50.61 6.83 225 153 59 0 0 0 0
sp 461.23 11.16 -57.33 6.09 136 14 237 0 0 0 0
cy -208.31 3.03 203.58 0 1 0 6.45 12.43 180 83 148 0 0 0 0
cy -285.84 -14.11 245.47 0 1 0 2.11 34.66 158 49 192 0 0 0 0
sp -71.09 13.10 -333.39 7.06 168 63 173 0 0 0 0
sp 158.82 13.01 442.17 6.47 135 12 239 0 0 0 0
cy -137.97 -4.64 -249.32 0 1 0 5.41 12.42 182 86 145 0 0 0 0
sp 360.65 -7.05 -287.33 6.60 137 15 235 0 0 0 0
sp -131.10 7.90 457.75 3.88 133 9 242 0 0 0 0
sp -247.64 2.62 296.77 7.00 156 45 197 0 0 0 0
sp -159.93 -14.39 263.76 2.82 176 76 157 0 0 0 0
sp 306.58 -6.09 -170.38 4.80 165 59 178 0 0 0 0
sp -192.61 11.76 183.91 3.68 187 93 135 0 0 0 0
sp -198.26 1.07 -84.81 2.54 200 113 109 0 0 0 0
cy -368.16 -2.69 -304.46 0 1 0 5.92 12.06 133 8 243 0 0 0 0
cy -14.20 11.92 -98.71 0 1 0 2.84 32.73 229 160 50 0 0 0 0
sp 204.54 13.12 63.72 2.91 200 114 109 0 0 0 0
sp 0.79 16.92 75.65 4.38 235 169 38 0 0 0 0
sp -95.99 -2.78 324.07 5.52 168 64 172 0 0 0 0
sp -118.00 -2.56 393.59 2.33 150 35 209 0 0 0 0
cy 334.20 16.22 364.16 0 1 0 4.26 31.98 128 2 252 0 0 0 0
cy 151.07 5.99 -60.23 0 1 0 3.94 38.81 213 134 82 0 0 0 0
sp 171.16 -6.64 -302.27 4.50 166 61 177 0 0 0 0
sp -362.53 17.06 174.90 2.77 152 38 205 0 0 0 0
sp 401.94 -14.74 -157.00 7.82 144 27 220 0 0 0 0
sp 131.69 -14.26 345.11 4.23 160 52 188 0 0 0 0
cy 151.02 3.53 -59.63 0 1 0 7.74 21.65 213 135 82 0 0 0 0
sp -269.92 -7.07 283.92 4.59 155 43 199 0 0 0 0
sp 174.70 7.55 -53.56 2.20 208 126 93 0 0 0 0
cy -193.39 -6.05 -451.48 0 1 0 6.74 24.65 129 3 250 0 0 0 0
sp 239.10 -17.53 33.16 5.72 193 103 123 0 0 0 0
cy -183.31 6.51 -265.30 0 1 0 5.31 26.33 172 71 164 0 0 0 0
sp 203.44 13.77 -199.49 7.41 182 86 145 0 0 0 0
cy 284.82 7.47 -147.27 0 1 0 7.70 26.10 173 71 163 0 0 0 0
cy 193.67 16.22 -412.00 0 1 0 7.79 34.75 138 17 232 0 0 0 0
sp 261.05 5.05 -127.74 2.39 180 83 148 0 0 0 0
sp 226.79 -16.90 -403.53 5.31 136 14 236 0 0 0 0
sp -115.53 -17.21 80.94 3.92 219 143 71 0 0 0 0
sp 106.61 1.24 359.00 4.89 159 50 190 0 0 0 0
sp 41.39 -12.50 -160.45 6.00 212 133 84 0 0 0 0
sp 106.21 11.20 -439.57 6.48 139 19 230 0 0 0 0
sp 27.96 2.27 -196.35 4.63 204 120 101 0 0 0 0
cy -228.35 -10.86 -204.74 0 1 0 7.87 19.55 176 77 156 0 0 0 0
cy -260.23 -11.35 -389.21 0 1 0 3.94 18.43 135 12 238 0 0 0 0
sp 286.73 -7.99 -250.16 2.40 157 47 194 0 0 0 0
sp 340.51 -17.39 32.83 5.55 167 63 174 0 0 0 0
sp -113.01 1.84 -41.06 3.63 224 151 61 0 0 0 0
sp 101.89 -10.72 323.67 6.64 168 64 173 0 0 0 0
sp 206.85 -6.46 -24.55 6.37 201 116 106 0 0 0 0
sp -201.75 10.30 -419.95 2.83 136 13 237 0 0 0 0
sp 111.12 4.18 -477.14 2.59 130 4 249 0 0 0 0
sp -418.12 -15.07 -157.54 4.56 141 21 227 0 0 0 0
sp 188.98 -7.69 368.76 6.66 149 34 211 0 0 0 0
sp -286.42 3.93 -337.72 3.51 142 22 225 0 0 0 0
sp 184.40 15.51 247.40 3.94 176 76 157 0 0 0 0
sp -62.54 -3.78 479.38 7.26 131 6 246 0 0 0 0
sp 169.90 -11.35 236.16 5.67 180 83 148 0 0 0 0
sp -409.69 10.16 -202.57 7.33 138 17 233 0 0 0 0
sp -373.39 -11.61 232.80 6.32 142 23 224 0 0 0 0
cy -267.56 19.85 -317.32 0 1 0 4.63 20.81 149 33 211 0 0 0 0
sp 228.98 -19.19 78.54 3.73 193 103 123 0 0 0 0
sp 106.79 17.13 -424.01 3.64 143 25 222 0 0 0 0
cy 97.97 14.21 -371.69 0 1 0 6.12 33.30 156 46 196 0 0 0 0
cy -108.03 -4.45 168.88 0 1 0 4.35 14.42 203 119 102 0 0 0 0
sp -203.73 9.93 -124.56 3.51 194 104 121 0 0 0 0
cy -395.27 -6.07 -239.85 0 1 0 2.47 16.88 137 15 235 0 0 0 0
cy 166.20 -9.33 -234.04 0 1 0 6.73 40.00 181 85 146 0 0 0 0
sp -223.41 -0.01 92.18 3.30 193 103 123 0 0 0 0
sp 386.18 19.72 139.13 2.15 150 35 209 0 0 0 0
sp -51.88 3.19 -438.51 3.36 142 23 225 0 0 0 0
sp -314.76 6.52 69.73 3.37 172 71 164 0 0 0 0
sp 143.45 -17.16 143.21 5.75 203 118 103 0 0 0 0
cy -320.43 7.90 -230.23 0 1 0 5.38 22.61 154 42 201 0 0 0 0
cy 145.79 6.35 344.83 0 1 0 4.35 23.26 159 50 190 0 0 0 0
sp 457.18 -17.59 156.20 5.39 131 6 246 0 0 0 0
sp -110.84 15.03 -359.14 5.95 159 49 191 0 0 0 0
sp 257.11 8.05 327.60 7.53 148 33 212 0 0 0 0
sp 166.26 -16.61 251.09 7.99 178 79 153 0 0 0 0
sp 233.56 -0.36 -6.70 6.02 195 106 119 0 0 0 0
sp -371.54 1.51 253.78 3.98 140 20 229 0 0 0 0
cy 215.98 -19.75 -4.99 0 1 0 2.56 30.37 199 113 110 0 0 0 0
cy -85.83 8.98 -118.81 0 1 0 3.77 32.88 217 141 74 0 0 0 0
cy 3.29 7.20 113.78 0 1 0 5.03 36.89 225 154 58 0 0 0 0
sp -81.66 -15.16 314.99 4.99 172 69 165 0 0 0 0
sp -424.18 -7.84 -42.45 7.39 146 29 217 0 0 0 0
sp 325.18 -10.24 -138.47 5.96 164 58 180 0 0 0 0
sp 200.29 -8.74 -255.81 5.14 172 70 165 0 0 0 0
sp 257.05 13.04 -124.51 4.87 182 85 145 0 0 0 0
cy -194.64 10.99 -341.40 0 1 0 2.68 20.37 154 42 200 0 0 0 0
sp -43.45 7.53 370.31 7.45 159 50 190 0 0 0 0
sp -29.62 3.90 -425.36 7.33 146 29 217 0 0 0 0
cy -169.50 -6.72 65.06 0 1 0 7.11 15.56 208 127 92 0 0 0 0
sp -65.28 -18.60 321.05 6.46 171 68 167 0 0 0 0
cy -462.93 -19.83 52.72 0 1 0 7.14 33.91 136 13 237 0 0 0 0
cy 239.02 12.50 -121.40 0 1 0 4.49 34.52 186 92 136 0 0 0 0
cy 214.11 -4.05 389.58 0 1 0 5.15 17.45 141 22 226 0 0 0 0
cy -153.66 5.20 -297.78 0 1 0 4.47 25.82 169 65 170 0 0 0 0
sp 88.77 -1.20 443.90 4.03 139 18 230 0 0 0 0
cy -153.83 15.88 -292.20 0 1 0 3.92 34.76 170 67 168 0 0 0 0
cy -155.66 11.85 160.39 0 1 0 6.09 30.77 198 110 113 0 0 0 0
sp 32.59 -11.35 -39.20 4.62 241 179 26 0 0 0 0
sp -135.50 -8.34 137.57 4.81 205 122 98 0 0 0 0
sp -179.72 6.63 1.83 6.12 209 128 91 0 0 0 0
sp -43.02 -19.95 130.26 4.95 220 145 69 0 0 0 0
sp 360.16 18.05 -125.68 4.64 157 47 194 0 0 0 0
sp 84.59 17.45 268.42 4.22 183 87 143 0 0 0 0
cy -126.52 5.06 385.60 0 1 0 5.49 20.30 151 37 206 0 0 0 0
sp -189.70 -7.89 268.21 7.30 171 68 167 0 0 0 0
sp -350.41 -6.95 -46.05 7.31 164 58 180 0 0 0 0
cy 346.23 18.52 356.24 0 1 0 2.81 29.30 128 1 253 0 0 0 0
sp -161.43 2.81 -339.07 6.63 159 49 191 0 0 0 0
sp 250.96 -17.87 -12.94 6.78 190 99 128 0 0 0 0
sp 98.86 -4.68 -474.67 5.10 131 6 247 0 0 0 0
sp -281.58 -3.46 -325.15 2.66 145 27 219 0 0 0 0
sp 356.57 -3.99 13.83 6.35 164 57 181 0 0 0 0
sp -120.70 -9.63 227.78 4.80 189 96 131 0 0 0 0
sp -104.86 -11.31 18.29 2.13 227 157 54 0 0 0 0
cy -389.68 9.67 -55.53 0 1 0 3.67 15.63 154 42 200 0 0 0 0
sp 186.78 -4.71 -90.58 7.72 202 116 105 0 0 0 0
sp 156.57 -5.54 93.29 4.78 208 127 92 0 0 0 0
cy 50.61 -5.30 -194.62 0 1 0 4.89 27.85 203 119 102 0 0 0 0