C	0 15 -40		0 -0.2 1		85


A	1.0		64 64 64


L	10 10 10		0.5		255 255 255


sp	0.0 1.35 0.0		0.84		89 79 120
sp	0.08 -1.35 0.0		0.57		132 74 153
sp	0.16 -1.19 0.02		0.51		219 182 253
sp	0.23 2.0 0.03		1.27		63 148 170
sp	0.31 -0.61 0.06		0.8		176 205 176
sp	0.38 0.57 0.09		1.13		206 102 203
sp	0.45 2.97 0.14		1.32		111 96 154
sp	0.51 2.8 0.18		1.18		199 67 59
sp	0.58 -2.18 0.24		0.64		97 152 110
sp	0.64 2.95 0.3		0.57		171 156 221
sp	0.69 1.47 0.37		0.74		210 221 111
sp	0.74 2.15 0.44		1.33		123 155 201
sp	0.78 2.33 0.52		1.15		242 162 245
sp	0.82 2.52 0.61		0.87		72 133 60
sp	0.85 -1.92 0.69		0.6		255 63 121
sp	0.87 -2.5 0.79		0.67		159 66 208
sp	0.88 1.3 0.88		1.32		144 90 160
sp	0.89 0.6 0.98		0.67		202 225 120
sp	0.89 -0.6 1.09		0.62		252 163 232
sp	0.88 1.86 1.19		1.13		232 231 170
sp	0.87 1.11 1.3		1.12		248 117 163
sp	0.84 -2.83 1.41		1.29		71 75 156
sp	0.81 0.85 1.52		0.68		228 133 252
sp	0.77 1.6 1.62		0.65		195 91 113
sp	0.72 0.49 1.73		0.52		62 228 211
sp	0.66 -1.59 1.84		0.73		207 125 139
sp	0.59 -1.44 1.94		0.87		225 145 224
sp	0.51 1.6 2.05		1.32		166 186 217
sp	0.43 0.29 2.15		0.83		181 193 169
sp	0.33 -2.21 2.24		0.77		231 152 235
sp	0.23 -0.9 2.33		1.28		102 79 212
sp	0.12 -0.13 2.42		1.22		80 169 130
sp	0.0 0.3 2.5		0.93		129 66 199
sp	-0.13 -0.9 2.58		0.54		240 147 68
sp	-0.26 -0.63 2.64		0.8		137 158 133
sp	-0.4 1.95 2.7		0.73		131 65 121
sp	-0.55 -1.98 2.76		0.51		97 217 250
sp	-0.7 1.94 2.8		0.56		69 216 226
sp	-0.86 0.14 2.84		0.95		120 101 177
sp	-1.03 1.02 2.87		0.88		140 179 187
sp	-1.2 1.91 2.89		1.06		74 171 120
sp	-1.37 2.17 2.9		1.34		108 242 220
sp	-1.55 -1.61 2.89		0.61		144 154 61
sp	-1.73 -0.01 2.88		0.69		194 152 122
sp	-1.91 1.59 2.86		1.24		213 116 134
sp	-2.09 2.72 2.82		1.33		245 189 73
sp	-2.28 1.47 2.78		1.17		146 192 55
sp	-2.47 1.25 2.72		0.69		213 162 246
sp	-2.65 2.68 2.65		0.55		236 216 161
sp	-2.84 0.89 2.57		0.55		84 205 70
sp	-3.02 0.57 2.48		1.26		95 201 197
sp	-3.2 2.15 2.37		0.66		225 202 200
sp	-3.38 1.67 2.26		0.94		255 222 255
sp	-3.55 -0.07 2.13		0.82		152 120 229
sp	-3.72 -2.45 1.99		0.54		106 177 60
sp	-3.88 -1.64 1.84		0.61		53 112 222
sp	-4.04 1.49 1.67		1.49		78 162 54
sp	-4.19 0.43 1.5		0.63		125 227 141
sp	-4.34 -1.01 1.32		0.98		225 250 118
sp	-4.47 -1.1 1.12		1.09		92 188 103
sp	-4.6 -0.78 0.91		1.22		68 167 53
sp	-4.71 -2.1 0.7		0.97		145 110 97
sp	-4.82 -0.82 0.47		1.02		151 91 83
sp	-4.92 0.93 0.24		1.31		227 95 215
sp	-5.0 2.85 0.0		0.99		80 94 167
sp	-5.07 -0.12 -0.25		1.33		84 163 81
sp	-5.13 1.9 -0.51		0.81		171 236 246
sp	-5.18 2.53 -0.77		0.52		166 166 198
sp	-5.21 -1.38 -1.04		0.87		76 191 93
sp	-5.23 -1.31 -1.31		0.74		225 174 167
sp	-5.23 -2.63 -1.59		1.15		101 70 155
sp	-5.22 -0.96 -1.87		0.65		216 107 199
sp	-5.2 2.61 -2.15		1.27		212 171 242
sp	-5.16 -0.96 -2.44		0.9		253 102 54
sp	-5.1 -0.29 -2.73		1.12		227 159 239
sp	-5.03 2.21 -3.01		1.34		139 181 240
sp	-4.94 -2.44 -3.3		0.65		54 204 206
sp	-4.83 1.66 -3.58		0.7		148 145 222
sp	-4.71 0.97 -3.87		1.02		238 222 229
sp	-4.57 -0.94 -4.14		0.81		241 187 126
sp	-4.42 0.62 -4.42		1.42		59 199 173
sp	-4.25 0.71 -4.69		1.35		76 236 252
sp	-4.06 -2.92 -4.95		1.18		204 121 207
sp	-3.86 -2.56 -5.21		0.53		95 59 126
sp	-3.65 -1.73 -5.46		1.32		58 240 215
sp	-3.41 -2.15 -5.7		1.29		73 84 126
sp	-3.17 1.34 -5.93		1.17		228 222 171
sp	-2.91 -1.03 -6.14		0.63		110 215 138
sp	-2.63 -2.25 -6.35		0.51		211 126 189
sp	-2.34 1.99 -6.55		0.75		93 168 160
sp	-2.04 -1.15 -6.73		1.3		250 53 208
sp	-1.73 -1.8 -6.9		0.79		181 118 159
sp	-1.4 2.78 -7.05		0.98		174 63 235
sp	-1.07 -0.45 -7.19		0.52		76 199 132
sp	-0.72 -0.36 -7.31		0.71		196 56 222
sp	-0.36 2.35 -7.41		1.26		211 109 254
sp	-0.0 -0.11 -7.5		1.38		84 196 182
sp	0.37 2.13 -7.57		1.01		56 224 107
sp	0.75 2.69 -7.62		0.83		135 113 201
sp	1.13 0.7 -7.65		0.95		78 251 164
sp	1.52 -2.7 -7.66		0.85		251 104 227
sp	1.92 0.23 -7.65		1.18		243 213 56
sp	2.31 2.72 -7.63		0.6		71 188 178
sp	2.71 1.17 -7.58		1.03		135 75 240
sp	3.11 2.15 -7.51		1.02		190 131 153
sp	3.51 1.5 -7.42		0.68		197 80 168
sp	3.9 -1.54 -7.3		1.43		164 101 159
sp	4.3 2.4 -7.17		0.58		244 137 88
sp	4.69 -2.56 -7.02		1.16		156 138 207
sp	5.07 -1.78 -6.84		0.73		187 90 56
sp	5.45 -0.53 -6.64		0.73		120 168 84
sp	5.82 -1.36 -6.43		0.78		75 95 167
sp	6.19 -2.73 -6.19		1.16		212 229 141
sp	6.54 -1.49 -5.93		1.35		74 236 98
sp	6.88 -2.96 -5.65		1.1		188 206 93
sp	7.22 1.0 -5.35		1.32		178 153 126
sp	7.54 -2.41 -5.03		0.75		209 123 107
sp	7.84 1.94 -4.7		1.34		123 225 201
sp	8.13 -2.67 -4.35		1.38		116 92 202
sp	8.4 1.68 -3.97		1.07		113 88 180
sp	8.66 -1.23 -3.59		1.23		76 181 252
sp	8.9 -2.41 -3.18		1.15		230 136 172
sp	9.12 1.3 -2.77		1.21		105 140 137
sp	9.32 -2.65 -2.33		0.82		228 51 222
sp	9.5 2.11 -1.89		1.2		69 193 229
sp	9.66 -0.86 -1.43		1.44		229 118 247
sp	9.8 -1.5 -0.96		0.51		229 72 179
sp	9.91 2.68 -0.49		1.28		133 191 245
sp	10.0 2.4 -0.0		1.18		53 91 111
sp	10.07 2.68 0.49		0.8		78 191 71
sp	10.11 2.25 1.0		1.12		194 213 132
sp	10.12 -2.84 1.5		1.42		142 52 184
sp	10.11 -0.52 2.01		0.75		52 229 66
sp	10.08 -0.33 2.52		1.02		164 92 92
sp	10.02 2.78 3.04		0.75		99 176 182
sp	9.93 0.26 3.55		0.65		230 244 218
sp	9.82 2.04 4.07		0.57		242 132 196
sp	9.68 0.03 4.58		0.65		94 56 224
sp	9.51 -1.37 5.08		1.1		247 144 65
sp	9.31 -2.37 5.58		0.66		60 78 167
sp	9.09 0.38 6.08		0.76		117 229 108
sp	8.85 1.96 6.56		0.61		235 204 197
sp	8.58 -2.45 7.04		1.2		104 112 148
sp	8.28 0.27 7.5		0.93		194 166 74
sp	7.95 -0.14 7.95		0.72		184 142 173
sp	7.61 2.64 8.39		0.88		91 118 52
sp	7.24 2.58 8.82		1.44		98 168 148
sp	6.84 -2.26 9.22		0.93		57 244 245
sp	6.42 2.27 9.61		0.98		53 85 246
sp	5.98 0.78 9.98		0.9		215 223 70
sp	5.52 -2.0 10.34		1.35		91 216 105
sp	5.04 -1.16 10.66		1.4		171 120 149
sp	4.54 -1.57 10.97		1.36		206 199 198
sp	4.03 1.25 11.25		1.38		108 151 75
sp	3.49 -2.44 11.51		0.87		134 72 200
sp	2.94 -0.86 11.75		1.02		235 128 175
sp	2.38 -2.18 11.95		0.58		113 103 108
sp	1.8 2.33 12.13		1.13		75 208 88
sp	1.21 -2.63 12.28		1.08		203 204 190
sp	0.61 -0.62 12.41		1.12		164 166 226
sp	0.0 -0.69 12.5		1.03		59 147 125
sp	-0.62 -0.05 12.56		0.51		84 123 242
sp	-1.24 0.09 12.6		1.5		237 153 51
sp	-1.87 0.03 12.6		1.37		176 138 123
sp	-2.5 2.62 12.57		1.22		194 61 94
sp	-3.13 2.96 12.5		0.56		254 213 59
sp	-3.76 0.73 12.41		0.79		115 218 182
sp	-4.4 0.12 12.28		0.83		230 81 192
sp	-5.02 -0.74 12.13		1.02		168 70 163
sp	-5.65 -2.98 11.94		1.22		142 198 158
sp	-6.26 -2.38 11.71		1.32		182 143 201
sp	-6.87 2.22 11.46		1.38		141 168 220
sp	-7.47 1.2 11.17		0.66		232 98 68
sp	-8.05 -0.33 10.86		1.06		216 176 164
sp	-8.62 -0.29 10.51		0.77		50 159 156
sp	-9.18 1.58 10.13		1.38		156 129 129
sp	-9.72 0.71 9.72		0.99		220 113 222
sp	-10.25 -1.71 9.29		0.59		221 141 81
sp	-10.75 -1.85 8.82		0.88		200 117 61
sp	-11.23 -0.01 8.33		0.82		112 187 103
sp	-11.69 1.28 7.81		0.9		219 207 64
sp	-12.13 -2.5 7.27		0.87		183 220 244
sp	-12.54 -2.67 6.7		0.59		196 55 155
sp	-12.92 -2.61 6.11		0.77		209 130 165
sp	-13.28 2.98 5.5		1.18		149 185 201
sp	-13.61 -0.53 4.87		1.2		124 133 216
sp	-13.91 -1.01 4.22		0.81		112 237 255
sp	-14.17 1.93 3.55		0.56		110 200 125
sp	-14.41 1.74 2.87		1.08		184 237 103
sp	-14.61 0.5 2.17		1.07		208 205 169
sp	-14.77 0.95 1.45		1.38		63 120 114
sp	-14.9 -1.02 0.73		1.5		240 105 97
sp	-15.0 -0.33 0.0		1.05		184 196 172
sp	-15.06 2.92 -0.74		1.5		237 209 121
sp	-15.08 -0.4 -1.49		1.34		59 115 207
sp	-15.07 -0.14 -2.24		0.97		104 251 104
sp	-15.02 -0.46 -2.99		1.27		57 87 183
sp	-14.93 -1.14 -3.74		1.19		179 135 223
sp	-14.8 1.67 -4.49		1.27		190 209 197
sp	-14.64 2.38 -5.24		0.51		125 75 75
sp	-14.44 -0.34 -5.98		1.44		102 129 196
sp	-14.2 1.49 -6.71		0.81		123 141 193
sp	-13.92 -2.8 -7.44		0.72		107 147 61
sp	-13.6 0.23 -8.15		0.87		218 135 211
sp	-13.25 1.35 -8.85		1.29		180 134 206
sp	-12.86 -0.7 -9.54		1.31		250 185 116
sp	-12.44 -0.09 -10.21		0.91		77 201 108
sp	-11.98 2.98 -10.86		1.1		66 56 172
sp	-11.49 -0.86 -11.49		1.47		210 109 225
sp	-10.97 1.24 -12.1		0.73		94 78 88
sp	-10.41 1.4 -12.68		1.17		225 103 106
sp	-9.82 -0.82 -13.24		0.51		186 58 169
sp	-9.2 2.64 -13.77		0.57		117 81 101
sp	-8.55 0.22 -14.27		1.38		214 255 144
sp	-7.88 1.18 -14.74		0.71		237 249 59
sp	-7.18 1.19 -15.18		1.04		96 150 87
sp	-6.46 -2.76 -15.59		1.03		98 110 215
sp	-5.71 1.86 -15.96		0.68		182 181 124
sp	-4.94 -1.97 -16.3		1.46		191 163 226
sp	-4.16 0.9 -16.6		1.17		240 71 64
sp	-3.35 -2.59 -16.86		1.27		110 227 88
sp	-2.53 -0.29 -17.08		0.87		187 121 117
sp	-1.7 0.97 -17.26		0.98		143 140 110
sp	-0.85 1.94 -17.4		1.17		160 92 96
sp	-0.0 1.78 -17.5		1.09		203 134 139
sp	0.86 -1.79 -17.56		0.83		202 71 65
sp	1.73 -0.4 -17.57		1.39		149 134 209
sp	2.6 -1.58 -17.54		1.4		235 164 127
sp	3.48 -1.01 -17.47		0.86		183 66 219
sp	4.35 -0.13 -17.35		0.88		193 94 61
sp	5.22 -2.98 -17.2		0.91		228 105 228
sp	6.08 -0.52 -16.99		1.12		204 168 86
sp	6.94 -0.57 -16.75		0.67		223 104 139
sp	7.78 0.59 -16.46		1.01		81 171 76
sp	8.62 -1.29 -16.12		0.83		118 163 141
sp	9.44 -1.13 -15.75		0.97		233 124 80
sp	10.24 0.84 -15.33		1.01		107 90 71
sp	11.03 0.48 -14.87		1.15		165 58 216
sp	11.8 2.4 -14.37		0.92		119 147 68
sp	12.54 -2.05 -13.83		0.8		86 255 174
sp	13.26 -0.73 -13.26		0.97		109 117 97
sp	13.95 -2.02 -12.64		1.39		100 212 87
sp	14.61 0.08 -11.99		0.64		164 164 93
sp	15.25 -2.63 -11.31		0.92		96 143 86
sp	15.85 1.0 -10.59		0.93		254 149 223
sp	16.42 0.44 -9.84		0.81		182 195 249
sp	16.95 2.99 -9.06		0.84		159 218 119
sp	17.44 -1.39 -8.25		1.02		50 99 182
sp	17.9 -1.58 -7.41		1.32		109 52 234
sp	18.32 1.56 -6.55		1.12		151 99 176
sp	18.69 1.14 -5.67		1.28		147 81 147
sp	19.02 1.16 -4.76		0.74		151 50 248
sp	19.31 -0.56 -3.84		0.73		186 250 83
sp	19.55 2.82 -2.9		1.03		254 230 232
sp	19.75 -2.74 -1.95		1.21		81 252 245
sp	19.9 -2.69 -0.98		1.32		70 88 105
sp	20.0 -0.65 -0.0		0.63		161 76 229
sp	20.05 1.63 0.99		0.93		74 100 199
sp	20.06 1.11 1.98		0.9		51 246 210
sp	20.02 1.84 2.97		0.93		141 107 124
sp	19.92 -1.91 3.96		1.03		189 94 204
sp	19.78 -2.07 4.95		0.81		100 62 102
sp	19.59 -1.4 5.94		1.12		188 191 127
sp	19.35 -0.99 6.92		1.1		240 119 69
sp	19.06 2.89 7.89		0.59		217 75 186
sp	18.72 2.39 8.85		1.34		135 81 218
sp	18.33 -1.53 9.8		1.43		254 151 205
sp	17.89 1.16 10.72		1.08		102 177 71
sp	17.41 1.52 11.63		0.95		79 243 198
sp	16.88 2.25 12.52		1.21		95 67 121
sp	16.31 1.7 13.38		1.3		213 176 141
sp	15.69 -1.69 14.22		1.16		237 139 242
sp	15.03 -1.06 15.03		1.24		186 139 54
sp	14.32 -2.31 15.8		0.88		68 253 158
sp	13.58 -0.07 16.55		0.73		114 51 122
sp	12.8 0.89 17.26		0.7		75 71 125
sp	11.98 -1.02 17.93		0.84		56 226 151
sp	11.13 2.2 18.56		0.7		204 129 236
sp	10.24 1.15 19.15		1.46		210 199 236
sp	9.32 0.29 19.7		1.01		195 127 78
sp	8.37 0.8 20.21		1.23		72 164 146
sp	7.4 -2.86 20.67		1.41		100 147 71
sp	6.4 0.2 21.08		1.16		190 144 241
sp	5.37 -1.06 21.45		1.07		242 151 121
sp	4.33 -2.83 21.76		1.19		210 111 248
sp	3.27 0.5 22.02		0.67		50 95 64
sp	2.19 0.92 22.24		1.16		235 242 60
sp	1.1 -0.97 22.39		1.37		163 197 121
sp	0.0 2.95 22.5		0.74		55 67 54
sp	-1.11 -0.02 22.55		1.35		147 197 134
sp	-2.22 0.84 22.55		0.66		124 97 144
sp	-3.34 -1.27 22.49		1.22		81 175 174
sp	-4.45 -2.91 22.37		1.03		150 121 54
sp	-5.56 -0.36 22.2		0.77		156 210 57
sp	-6.67 0.21 21.98		0.78		223 134 118
sp	-7.76 2.25 21.7		1.21		116 133 161
sp	-8.85 2.77 21.36		1.11		117 147 120
sp	-9.92 0.77 20.98		1.4		219 214 122
sp	-10.97 -2.69 20.53		1.0		65 167 128
sp	-12.01 -1.34 20.04		0.56		87 246 198
sp	-13.02 0.53 19.49		1.18		236 135 222
sp	-14.01 -2.57 18.89		1.25		239 250 149
sp	-14.97 2.28 18.24		0.53		70 146 228
sp	-15.9 -0.44 17.54		1.17		134 141 82
sp	-16.79 -0.7 16.79		1.44		163 196 164
sp	-17.66 -2.96 16.0		1.04		191 124 92
sp	-18.48 -2.16 15.17		0.95		234 118 178
sp	-19.26 1.49 14.29		0.85		70 210 156
sp	-20.01 2.35 13.37		0.98		157 137 157
sp	-20.71 0.69 12.41		0.88		183 226 150
sp	-21.36 -0.1 11.42		0.8		232 176 229
sp	-21.96 0.88 10.39		1.17		121 64 90
sp	-22.52 1.46 9.33		0.65		51 233 110
sp	-23.02 -0.46 8.24		0.54		72 191 205
sp	-23.47 1.23 7.12		0.73		216 112 205
sp	-23.87 -1.13 5.98		0.59		145 67 116
sp	-24.21 -2.8 4.82		0.68		195 90 177
sp	-24.5 -2.71 3.63		0.95		124 83 234
sp	-24.72 0.19 2.44		1.12		181 162 179
sp	-24.89 -2.9 1.22		1.34		83 239 94
sp	-25.0 1.67 0.0		1.07		129 204 98
sp	-25.05 0.19 -1.23		0.93		213 68 72
sp	-25.04 -0.34 -2.47		1.13		147 241 149
sp	-24.96 0.77 -3.7		0.65		236 130 147
sp	-24.83 1.17 -4.94		1.37		105 120 127
sp	-24.63 -2.79 -6.17		1.28		169 100 127
sp	-24.37 -1.75 -7.39		1.02		195 122 105
sp	-24.05 -2.83 -8.61		0.78		251 151 197
sp	-23.67 -2.67 -9.81		0.88		77 85 163
sp	-23.24 0.18 -10.99		0.98		204 190 210
sp	-22.74 -0.42 -12.15		0.76		122 179 136
sp	-22.18 0.81 -13.29		0.53		160 154 133
sp	-21.57 -1.18 -14.41		0.52		52 51 118
sp	-20.9 -1.74 -15.5		1.35		162 92 136
sp	-20.17 0.88 -16.55		1.01		97 192 172
sp	-19.39 -0.51 -17.58		0.77		247 67 117
sp	-18.56 0.23 -18.56		0.87		126 60 205
sp	-17.68 2.71 -19.51		0.92		199 159 153
sp	-16.75 0.61 -20.41		1.28		196 137 149
sp	-15.78 0.5 -21.27		0.93		247 82 101
sp	-14.76 2.39 -22.09		0.91		222 95 236
sp	-13.7 -0.81 -22.85		1.39		204 76 157
sp	-12.6 -0.33 -23.56		1.04		107 233 70
sp	-11.46 2.74 -24.22		1.05		189 129 117
sp	-10.28 0.63 -24.83		0.68		95 206 68
sp	-9.08 -0.91 -25.38		0.77		255 252 108
sp	-7.85 -0.2 -25.87		1.22		132 179 94
sp	-6.59 -0.31 -26.3		1.12		118 205 126
sp	-5.3 -2.37 -26.67		1.19		86 102 94
sp	-4.0 2.63 -26.97		0.87		70 241 237
sp	-2.68 2.1 -27.21		1.11		71 128 113
sp	-1.35 -0.3 -27.39		0.63		156 63 189
sp	-0.0 -1.37 -27.5		0.68		175 195 155
sp	1.35 2.15 -27.54		1.23		108 240 210
sp	2.71 -0.02 -27.52		0.85		119 244 216
sp	4.07 1.41 -27.43		0.96		136 189 250
sp	5.43 2.73 -27.28		0.56		181 177 162
sp	6.78 -0.41 -27.05		0.7		188 106 56
sp	8.12 2.7 -26.76		0.96		103 71 94
sp	9.45 -2.01 -26.41		0.61		79 98 249
sp	10.76 1.99 -25.98		0.67		109 146 59
sp	12.06 -1.85 -25.5		0.65		231 62 99
sp	13.33 -2.92 -24.94		1.16		158 239 206
sp	14.58 1.3 -24.32		1.07		249 162 246
sp	15.8 1.77 -23.64		1.08		106 233 118
sp	16.99 1.74 -22.9		0.76		176 209 213
sp	18.14 -0.15 -22.1		0.92		136 131 109
sp	19.25 -0.08 -21.24		1.3		176 185 217
sp	20.33 -1.5 -20.33		1.0		80 168 159
sp	21.36 -2.06 -19.36		1.42		118 183 234
sp	22.34 -2.02 -18.34		1.14		62 202 190
sp	23.28 1.39 -17.27		0.6		52 187 127
sp	24.16 1.44 -16.15		0.6		185 227 213
sp	24.99 -1.26 -14.98		0.81		212 191 131
sp	25.77 1.1 -13.77		0.81		73 150 65
sp	26.48 -2.25 -12.53		1.05		60 205 139
sp	27.14 2.92 -11.24		0.9		64 197 96
sp	27.73 -2.74 -9.92		1.45		194 199 157
sp	28.26 -1.87 -8.57		1.2		192 53 170
sp	28.72 0.63 -7.19		0.79		220 224 220
sp	29.12 2.86 -5.79		1.07		143 117 114
sp	29.44 0.96 -4.37		0.67		209 90 133
sp	29.7 -0.22 -2.93		1.1		232 204 166
sp	29.89 2.72 -1.47		1.39		221 61 113
sp	30.0 -1.68 -0.0		1.22		102 152 223
sp	30.04 0.27 1.48		1.32		149 66 114
sp	30.01 2.41 2.96		0.82		202 186 88
sp	29.91 2.46 4.44		0.64		79 239 146
sp	29.73 2.29 5.91		1.35		59 212 99
sp	29.48 0.99 7.38		1.47		123 217 185
sp	29.16 -0.72 8.84		1.33		57 135 117
sp	28.76 0.9 10.29		1.13		188 61 244
sp	28.29 0.83 11.72		0.69		218 124 175
sp	27.76 -1.78 13.13		1.42		200 199 80
sp	27.15 0.76 14.51		1.02		218 179 228
sp	26.47 -0.17 15.86		1.01		55 251 138
sp	25.72 1.09 17.19		1.41		220 59 119
sp	24.91 0.81 18.48		0.53		133 159 154
sp	24.04 0.48 19.73		0.78		213 255 173
sp	23.1 0.29 20.93		1.11		246 102 204
sp	22.1 -1.52 22.1		0.53		117 241 164
sp	21.04 -1.45 23.21		0.64		141 239 198
sp	19.92 -2.26 24.28		1.39		106 55 211
sp	18.76 -1.76 25.29		0.91		232 197 194
sp	17.54 -2.75 26.24		0.56		73 211 169
sp	16.27 -2.44 27.14		0.74		98 195 124
sp	14.95 -2.05 27.97		1.42		123 54 246
sp	13.59 1.01 28.74		0.57		181 213 59
sp	12.2 -0.95 29.45		0.76		244 249 121
sp	10.76 1.19 30.09		1.28		228 66 197
sp	9.3 1.13 30.65		1.05		82 113 166
sp	7.8 -1.22 31.15		0.7		165 63 136
sp	6.28 1.94 31.57		0.89		73 117 108
sp	4.73 1.02 31.92		1.2		154 181 168
sp	3.17 1.17 32.19		1.12		56 92 104
sp	1.59 0.71 32.38		1.16		167 61 92
sp	-0.0 0.52 32.5		0.58		103 211 106
sp	-1.6 0.06 32.54		0.87		151 158 131
sp	-3.2 0.98 32.5		0.72		194 104 220
sp	-4.8 -0.22 32.38		1.5		150 113 239
sp	-6.4 -1.77 32.18		1.2		222 142 61
sp	-7.99 2.4 31.9		0.65		191 168 99
sp	-9.57 -2.36 31.55		0.89		122 227 230
sp	-11.13 -2.75 31.12		1.23		57 252 76
sp	-12.68 -0.74 30.6		1.39		101 122 251
sp	-14.2 1.37 30.02		0.62		173 141 204
sp	-15.69 -0.95 29.35		1.12		63 76 146
sp	-17.15 1.97 28.61		1.34		55 238 89
sp	-18.58 0.52 27.8		1.06		166 235 211
sp	-19.97 1.04 26.92		1.38		162 157 109
sp	-21.31 2.61 25.97		0.85		147 215 74
sp	-22.61 -2.43 24.95		1.35		240 70 182
sp	-23.86 -1.29 23.86		0.57		153 82 108
sp	-25.06 2.54 22.72		0.84		247 115 113
sp	-26.21 -1.62 21.51		1.0		229 109 63
sp	-27.3 -1.12 20.24		0.86		137 120 243
sp	-28.32 0.21 18.92		0.68		153 239 182
sp	-29.28 0.02 17.55		1.15		53 79 59
sp	-30.18 -1.85 16.13		1.2		153 240 106
sp	-31.0 -2.89 14.66		1.16		182 251 56
sp	-31.76 2.4 13.15		1.12		50 185 140
sp	-32.44 -0.61 11.61		1.41		152 241 70
sp	-33.04 -0.71 10.02		0.75		206 242 153
sp	-33.57 0.76 8.41		0.67		188 183 118
sp	-34.02 -0.4 6.77		0.81		166 225 112
sp	-34.39 -0.68 5.1		0.89		232 245 231
sp	-34.68 -0.71 3.42		0.57		225 208 51
sp	-34.88 0.16 1.71		0.53		244 206 114
sp	-35.0 -2.87 0.0		0.69		184 159 98
sp	-35.04 -1.62 -1.72		1.45		142 63 250
sp	-34.99 -0.97 -3.45		1.15		79 215 184
sp	-34.85 2.57 -5.17		0.77		182 141 164
sp	-34.63 0.08 -6.89		0.83		187 251 228
sp	-34.33 -2.71 -8.6		1.12		119 163 228
sp	-33.94 0.54 -10.3		1.11		105 50 160
sp	-33.47 0.16 -11.98		0.57		50 151 188
sp	-32.91 0.9 -13.63		1.21		250 64 112
sp	-32.28 1.71 -15.27		0.55		64 124 86
sp	-31.56 -1.21 -16.87		0.76		198 72 153
sp	-30.76 -1.33 -18.44		1.0		153 135 136
sp	-29.88 2.41 -19.97		0.59		65 89 63
sp	-28.93 2.67 -21.45		0.57		222 82 187
sp	-27.9 -0.18 -22.9		1.24		77 236 165
sp	-26.8 0.36 -24.29		0.81		227 243 203
sp	-25.63 -2.93 -25.63		0.86		220 232 130
sp	-24.4 -0.77 -26.92		1.17		102 251 213
sp	-23.1 -0.27 -28.14		1.21		86 86 204
sp	-21.73 2.48 -29.3		0.62		113 94 218
sp	-20.31 1.77 -30.4		0.89		219 117 68
sp	-18.84 2.38 -31.43		0.83		253 179 118
sp	-17.31 -2.64 -32.38		0.55		206 209 200
sp	-15.73 -0.64 -33.26		0.88		172 146 92
sp	-14.11 -0.36 -34.07		0.86		253 137 100
sp	-12.45 -1.09 -34.79		0.75		76 250 238
sp	-10.75 -1.1 -35.44		0.54		77 219 97
sp	-9.02 2.24 -36.0		1.45		162 54 224
sp	-7.25 1.01 -36.47		0.59		219 204 117
sp	-5.47 0.67 -36.86		1.38		109 51 190
sp	-3.66 0.31 -37.16		0.96		213 230 109
sp	-1.84 -1.0 -37.38		0.94		222 100 210
sp	-0.0 0.91 -37.5		1.13		221 124 138
sp	1.84 -2.1 -37.53		1.15		126 147 174
sp	3.69 1.08 -37.47		0.97		212 193 219
sp	5.54 1.88 -37.33		1.24		139 204 155
sp	7.38 -1.96 -37.09		1.19		255 243 181
sp	9.21 0.49 -36.76		0.54		124 211 143
sp	11.02 -1.58 -36.33		1.11		55 192 229
sp	12.82 1.0 -35.82		0.65		233 224 226
sp	14.59 1.77 -35.22		1.01		187 175 168
sp	16.33 -0.33 -34.54		1.18		66 72 136
sp	18.05 -0.41 -33.76		1.46		245 157 133
sp	19.72 2.36 -32.9		0.82		127 168 139
sp	21.35 -2.54 -31.96		0.69		205 165 83
sp	22.94 2.32 -30.94		0.86		133 66 239
sp	24.48 1.24 -29.83		0.56		134 83 197
sp	25.97 -1.3 -28.65		1.27		116 209 110
sp	27.4 2.28 -27.4		1.14		235 85 236
sp	28.77 1.27 -26.08		1.47		232 87 51
sp	30.07 -0.08 -24.68		0.56		168 125 101
sp	31.31 -0.63 -23.22		0.71		215 65 74
sp	32.48 -0.47 -21.7		0.52		106 187 125
sp	33.57 0.74 -20.12		1.29		158 185 197
sp	34.59 -2.46 -18.49		1.32		243 108 253
sp	35.52 -0.97 -16.8		1.1		95 93 244
sp	36.38 -1.72 -15.07		0.72		76 87 201
sp	37.15 1.93 -13.29		1.2		136 235 165
sp	37.83 -1.5 -11.48		1.36		109 205 242
sp	38.42 -0.18 -9.62		1.47		61 164 109
sp	38.92 -0.87 -7.74		0.76		155 139 238
sp	39.34 1.29 -5.83		1.1		129 76 207
sp	39.65 1.61 -3.91		1.33		56 200 121
sp	39.87 0.15 -1.96		1.27		219 140 62
sp	40.0 -2.81 -0.0		0.55		121 237 229
sp	40.03 -1.18 1.97		1.35		117 204 205
sp	39.96 2.47 3.94		1.41		82 94 165
sp	39.8 -2.13 5.9		0.56		173 158 254
sp	39.54 -2.29 7.86		0.87		213 235 168
sp	39.18 2.8 9.81		0.59		176 130 191
sp	38.73 -2.36 11.75		1.25		204 106 214
sp	38.18 1.81 13.66		0.9		181 117 90
sp	37.53 -0.58 15.55		0.97		119 201 104
sp	36.8 -2.26 17.4		0.59		191 187 240
sp	35.97 1.62 19.22		1.16		249 109 206
sp	35.05 1.61 21.01		0.65		254 206 157
sp	34.04 1.31 22.74		0.57		226 70 142
sp	32.94 -0.91 24.43		1.14		171 93 163
sp	31.77 -0.93 26.07		1.16		133 102 249
sp	30.51 2.66 27.65		1.11		212 187 163
sp	29.17 -2.54 29.17		0.81		119 177 232
sp	27.75 -2.16 30.62		1.08		131 237 194
sp	26.27 1.4 32.01		1.19		199 132 182
sp	24.71 2.31 33.32		1.06		164 125 92
sp	23.09 -1.49 34.56		0.71		233 243 222
sp	21.41 2.79 35.72		0.63		96 138 98
sp	19.67 -2.65 36.79		0.77		137 68 118
sp	17.87 2.25 37.78		0.72		212 163 111
sp	16.02 2.58 38.69		0.6		213 169 145
sp	14.13 2.38 39.5		1.11		147 245 71
sp	12.2 0.42 40.22		1.33		210 141 211
sp	10.23 -0.56 40.85		0.59		225 202 211
sp	8.23 -0.14 41.38		0.59		77 213 95
sp	6.2 2.96 41.81		1.42		107 242 169
sp	4.15 0.43 42.14		0.6		163 151 172
sp	2.08 -0.21 42.37		0.61		218 194 172
sp	-0.0 2.55 42.5		0.79		78 164 52
sp	-2.09 -0.4 42.53		1.15		113 227 106
sp	-4.18 -1.66 42.45		0.69		184 190 97
sp	-6.27 0.81 42.27		1.14		235 147 254
sp	-8.35 -0.87 41.99		1.48		155 229 126
sp	-10.42 1.55 41.61		1.1		145 211 194
sp	-12.47 1.37 41.12		1.26		56 144 236
sp	-14.5 -0.84 40.53		0.8		187 173 238
sp	-16.5 2.23 39.84		1.45		50 182 132
sp	-18.47 -2.81 39.06		1.46		202 204 200
sp	-20.4 0.81 38.17		1.36		148 188 50
sp	-22.29 -2.6 37.19		1.45		198 188 163
sp	-24.13 -0.94 36.12		0.64		120 212 219
sp	-25.92 -0.7 34.95		0.67		135 126 155
sp	-27.66 1.3 33.7		1.37		180 188 90
sp	-29.33 0.45 32.36		1.49		91 202 186
sp	-30.94 2.95 30.94		1.04		154 203 223
sp	-32.47 -1.78 29.43		1.21		109 249 251
sp	-33.94 0.48 27.85		1.15		212 184 53
sp	-35.33 0.8 26.2		0.84		254 95 66
sp	-36.64 -0.61 24.48		0.81		59 211 184
sp	-37.86 -1.54 22.69		1.36		141 197 218
sp	-39.0 -1.7 20.84		0.99		246 235 56
sp	-40.04 -1.27 18.94		0.84		137 235 116
sp	-41.0 2.56 16.98		0.62		106 82 196
sp	-41.85 0.98 14.98		1.45		170 113 234
sp	-42.61 -1.11 12.93		0.57		237 125 227
sp	-43.27 -2.17 10.84		1.39		51 116 134
sp	-43.83 0.44 8.72		1.4		93 137 86
sp	-44.28 -0.73 6.57		1.47		80 175 81
sp	-44.63 1.09 4.4		0.6		118 107 176
sp	-44.87 -0.09 2.2		0.81		175 173 221
sp	-45.0 -1.1 0.0		1.1		76 235 227
sp	-45.02 1.1 -2.21		0.9		93 230 122
sp	-44.94 -0.41 -4.43		1.19		219 223 147
sp	-44.74 -1.85 -6.64		0.63		209 141 114
sp	-44.44 -1.9 -8.84		1.23		227 244 99
sp	-44.03 -0.73 -11.03		0.78		75 182 144
sp	-43.51 0.52 -13.2		1.49		139 134 226
sp	-42.88 2.05 -15.34		1.15		113 212 113
sp	-42.15 -0.55 -17.46		0.67		60 139 178
sp	-41.32 -1.83 -19.54		0.8		166 219 56
sp	-40.38 -1.8 -21.58		0.95		240 173 159
sp	-39.33 -2.06 -23.58		1.23		123 64 150
sp	-38.2 2.03 -25.52		0.83		78 60 242
sp	-36.96 -0.47 -27.41		1.21		138 234 161
sp	-35.63 -0.69 -29.24		0.93		62 160 75
sp	-34.21 -0.49 -31.01		1.39		150 227 67
sp	-32.7 -2.99 -32.7		0.97		107 66 128
sp	-31.11 0.03 -34.33		1.05		80 134 221
sp	-29.44 0.48 -35.87		1.05		127 196 203
sp	-27.69 2.52 -37.34		1.35		196 148 248
sp	-25.87 0.29 -38.72		0.53		230 168 71
sp	-23.98 -0.8 -40.0		1.19		177 219 95
sp	-22.02 2.79 -41.2		0.97		175 188 255
sp	-20.01 -1.24 -42.3		1.15		171 182 67
sp	-17.94 -2.8 -43.31		1.49		126 151 165
sp	-15.82 1.3 -44.21		0.51		68 124 143
sp	-13.65 1.09 -45.01		1.02		183 226 245
sp	-11.45 -1.8 -45.7		1.06		199 130 137
sp	-9.21 -0.27 -46.28		1.19		101 135 222
sp	-6.94 0.58 -46.75		0.96		250 98 235
sp	-4.64 1.57 -47.12		1.02		220 123 244
sp	-2.33 2.79 -47.36		1.39		232 82 222
sp	-0.0 -0.73 -47.5		1.44		124 92 235
sp	2.33 -2.24 -47.52		0.56		220 156 177
sp	4.67 0.23 -47.43		1.01		231 246 251
sp	7.0 2.58 -47.22		1.13		129 94 110
sp	9.33 0.56 -46.89		0.79		101 242 141
sp	11.64 -2.86 -46.46		1.25		255 111 165
sp	13.92 0.95 -45.9		0.91		84 250 130
sp	16.19 -2.72 -45.24		0.99		104 226 254
sp	18.42 1.65 -44.46		0.64		235 165 150
sp	20.61 1.51 -43.58		0.87		197 69 83
sp	22.76 0.51 -42.58		0.8		140 165 173
sp	24.86 0.69 -41.48		0.98		105 238 210
sp	26.91 -2.55 -40.27		0.83		225 210 218
sp	28.9 -1.0 -38.97		0.7		231 70 190
sp	30.83 2.58 -37.56		1.47		75 102 225
sp	32.69 -0.48 -36.06		0.71		205 218 190
sp	34.47 1.98 -34.47		0.64		169 177 81
sp	36.18 2.99 -32.79		0.86		101 188 233
sp	37.81 2.48 -31.03		1.12		177 119 174
sp	39.34 2.05 -29.18		1.22		91 190 191
sp	40.79 2.55 -27.26		0.75		246 83 148
sp	42.15 1.85 -25.26		0.89		191 91 116
sp	43.41 0.81 -23.2		0.9		246 223 196
sp	44.56 -2.71 -21.08		0.63		67 61 129
sp	45.62 2.85 -18.89		0.82		158 63 152
sp	46.56 2.14 -16.66		1.19		162 52 173
sp	47.4 -2.62 -14.38		1.05		205 131 207
sp	48.12 0.65 -12.05		1.15		227 105 59
sp	48.73 0.52 -9.69		0.88		141 181 175
sp	49.23 2.26 -7.3		0.85		197 199 237
sp	49.6 -2.6 -4.89		0.82		169 125 229
sp	49.86 -2.04 -2.45		0.71		67 133 151
sp	50.0 1.57 -0.0		0.68		137 58 233
sp	50.02 -2.11 2.46		1.27		50 134 143
sp	49.91 -1.69 4.92		0.54		145 211 188
sp	49.69 2.97 7.37		0.5		71 210 254
sp	49.35 0.67 9.82		1.16		69 169 97
sp	48.88 -1.63 12.24		1.39		182 168 133
sp	48.3 1.97 14.65		1.35		103 119 194
sp	47.59 0.33 17.03		0.77		77 55 62
sp	46.77 2.84 19.37		1.18		104 124 183
sp	45.84 1.24 21.68		0.89		72 111 204
sp	44.79 -2.99 23.94		1.29		163 163 234
sp	43.62 -2.47 26.15		1.08		204 228 99
sp	42.35 -2.65 28.3		0.86		221 160 214
sp	40.98 -2.22 30.39		0.89		76 106 52
sp	39.5 -2.66 32.41		1.14		54 153 110
sp	37.92 1.44 34.36		1.36		194 104 114
sp	36.24 2.89 36.24		1.38		164 90 205
sp	34.47 -0.03 38.03		0.55		117 170 55
sp	32.61 -0.99 39.74		1.05		100 169 156
sp	30.67 2.79 41.35		1.3		166 147 220
sp	28.65 -0.04 42.87		0.64		121 251 72
sp	26.55 -0.98 44.29		1.03		73 179 78
sp	24.38 1.03 45.61		0.6		255 50 212
sp	22.15 2.58 46.82		0.84		195 136 147
sp	19.85 2.4 47.93		0.77		192 52 172
sp	17.5 0.11 48.92		1.44		246 119 84
sp	15.1 0.01 49.79		1.22		92 218 249
sp	12.66 0.54 50.55		1.21		164 238 106
sp	10.18 -2.91 51.18		0.99		136 193 252
sp	7.67 2.7 51.7		1.33		116 171 86
sp	5.13 0.23 52.09		1.03		192 129 160
sp	2.57 -1.91 52.36		1.01		245 177 58
sp	-0.0 -0.55 52.5		0.91		225 246 238
sp	-2.58 0.37 52.51		0.99		97 90 250
sp	-5.16 1.53 52.4		0.89		71 129 169
sp	-7.74 2.67 52.16		0.88		139 95 65
sp	-10.3 -2.95 51.8		1.47		104 131 235
sp	-12.85 0.27 51.31		1.3		126 98 90
sp	-15.38 -0.13 50.69		1.26		145 89 150
sp	-17.87 -2.04 49.95		0.75		240 229 149
sp	-20.33 0.57 49.08		1.13		197 153 239
sp	-22.75 2.61 48.1		0.55		138 178 156
sp	-25.12 -2.66 46.99		0.8		55 132 144
sp	-27.43 -0.12 45.77		1.14		201 230 53
sp	-29.69 -1.36 44.43		0.57		129 51 220
sp	-31.88 -0.7 42.98		0.8		135 86 160
sp	-34.0 1.56 41.43		1.24		246 175 228
sp	-36.04 0.23 39.77		0.68		165 234 173
sp	-38.01 0.28 38.01		1.45		152 115 121
sp	-39.88 2.17 36.15		1.39		177 179 183
sp	-41.67 2.07 34.2		0.9		255 54 86
sp	-43.36 -2.55 32.16		1.32		240 78 95
sp	-44.95 2.82 30.04		0.63		250 236 67
sp	-46.44 -2.4 27.83		1.23		65 137 146
sp	-47.82 -2.67 25.56		0.65		56 225 254
sp	-49.08 0.43 23.21		1.42		52 227 86
sp	-50.24 -2.19 20.81		0.66		252 51 191
sp	-51.27 -1.75 18.34		1.25		115 127 141
sp	-52.18 2.09 15.83		1.26		141 130 170
sp	-52.97 1.01 13.27		0.65		57 87 120
sp	-53.64 1.14 10.67		1.29		227 144 219
sp	-54.17 -0.73 8.04		1.5		107 241 96
sp	-54.58 -0.24 5.38		0.95		213 197 249
sp	-54.86 -1.15 2.69		1.11		89 157 124
sp	-55.0 1.25 0.0		1.02		204 133 154
sp	-55.01 0.85 -2.7		1.39		191 149 120
sp	-54.89 -2.47 -5.41		1.28		94 112 51
sp	-54.64 1.33 -8.1		0.85		138 75 151
sp	-54.25 -0.43 -10.79		1.47		100 158 51
sp	-53.73 2.25 -13.46		0.6		231 223 76
sp	-53.08 -0.65 -16.1		0.98		216 104 222
sp	-52.3 -2.1 -18.71		1.07		92 177 194
sp	-51.39 -0.59 -21.29		0.6		85 54 163
sp	-50.36 -2.78 -23.82		1.44		130 180 131
sp	-49.19 1.71 -26.3		0.56		52 67 228
sp	-47.91 -0.64 -28.72		1.33		231 177 90
sp	-46.51 -1.58 -31.08		0.9		175 124 179
sp	-44.99 1.05 -33.37		1.27		145 118 58
sp	-43.36 0.11 -35.59		0.8		76 54 81
sp	-41.62 -0.84 -37.72		0.86		210 124 77
sp	-39.77 2.01 -39.77		0.74		170 95 150
sp	-37.83 1.85 -41.74		0.86		75 62 160
sp	-35.78 -0.69 -43.6		0.66		105 150 97
sp	-33.65 1.37 -45.37		0.51		174 199 159
sp	-31.42 1.77 -47.03		0.91		200 152 183
sp	-29.12 1.96 -48.58		0.84		87 219 136
sp	-26.74 1.62 -50.02		0.99		62 70 97
sp	-24.28 0.59 -51.34		0.85		168 178 236
sp	-21.77 -1.66 -52.55		0.86		74 162 71
sp	-19.19 2.98 -53.62		1.3		51 159 246
sp	-16.56 0.59 -54.58		1.46		137 180 89
sp	-13.88 0.79 -55.4		0.56		190 105 205
sp	-11.16 -1.51 -56.09		0.59		150 145 102
sp	-8.4 0.21 -56.65		0.74		57 88 203
sp	-5.62 0.17 -57.07		0.81		103 188 75
sp	-2.82 -0.68 -57.35		1.02		104 155 83
sp	-0.0 0.56 -57.5		1.31		64 148 239
sp	2.83 2.31 -57.51		0.77		242 180 237
sp	5.65 -2.04 -57.38		0.83		249 196 254
sp	8.47 -1.75 -57.11		0.59		153 171 80
sp	11.28 -0.54 -56.7		1.49		101 217 156
sp	14.07 -2.98 -56.16		1.09		173 58 131
sp	16.83 2.47 -55.47		0.58		116 99 57
sp	19.56 0.82 -54.65		1.16		181 130 245
sp	22.24 2.71 -53.7		0.64		189 160 159
sp	24.89 -1.25 -52.62		0.79		135 255 59
sp	27.47 -2.71 -51.4		0.78		232 150 206
sp	30.0 2.2 -50.06		0.61		154 57 72
sp	32.47 1.27 -48.59		0.76		83 159 213
sp	34.86 -2.15 -47.0		0.81		201 106 136
sp	37.17 2.67 -45.29		0.88		242 160 85
sp	39.4 -1.77 -43.47		1.25		145 83 145
sp	41.54 -1.08 -41.54		0.81		198 79 160
sp	43.59 -0.97 -39.51		1.11		132 111 200
sp	45.54 2.39 -37.37		1.03		152 80 129
sp	47.38 -1.15 -35.14		1.2		189 235 242
sp	49.11 2.6 -32.81		1.34		232 124 99
sp	50.73 -1.56 -30.4		1.34		91 242 211
sp	52.23 -1.5 -27.92		0.9		194 64 154
sp	53.6 0.94 -25.35		0.52		159 214 211
sp	54.86 1.39 -22.72		0.69		79 158 169
sp	55.98 -1.93 -20.03		0.91		228 63 214
sp	56.97 1.0 -17.28		1.07		112 193 148
sp	57.82 -2.14 -14.48		1.35		246 179 129
sp	58.54 1.85 -11.64		1.06		226 62 219
sp	59.12 2.15 -8.77		1.11		108 120 155
sp	59.56 0.35 -5.87		1.27		236 149 190
sp	59.85 1.05 -2.94		1.4		181 123 214
sp	60.0 2.41 -0.0		1.31		241 205 207
sp	60.01 0.48 2.95		1.13		136 141 64
sp	59.87 -1.84 5.9		0.81		179 116 157
sp	59.58 -1.82 8.84		1.04		116 251 196
sp	59.15 -2.37 11.77		0.91		220 97 209
sp	58.58 -2.66 14.67		1.01		221 168 238
sp	57.86 1.23 17.55		1.13		207 140 237
sp	57.01 1.43 20.4		1.17		116 66 243
sp	56.01 2.21 23.2		0.57		244 158 235
sp	54.87 1.99 25.95		0.64		211 154 112
sp	53.6 -0.58 28.65		0.99		141 135 155
sp	52.2 -0.98 31.29		0.6		93 174 57
sp	50.67 0.05 33.86		1.37		77 250 236
sp	49.01 -2.79 36.35		0.74		123 168 133
sp	47.23 -2.74 38.76		1.23		158 211 140
sp	45.33 -1.86 41.08		1.13		129 125 193
sp	43.31 -1.14 43.31		0.57		209 141 218
sp	41.19 1.29 45.44		0.88		91 154 81
sp	38.96 -2.52 47.47		0.92		85 95 240
sp	36.63 -0.25 49.38		1.45		165 52 141
sp	34.2 -1.72 51.19		0.82		150 154 253
sp	31.69 0.67 52.87		0.52		186 213 237
sp	29.09 2.41 54.43		1.45		218 124 247
sp	26.42 -2.67 55.86		0.99		76 165 152
sp	23.68 -1.99 57.17		1.42		102 210 56
sp	20.87 0.65 58.33		0.76		133 218 147
sp	18.01 -1.23 59.36		1.1		124 152 168
sp	15.09 -0.73 60.25		0.67		185 99 215
sp	12.13 -1.19 60.99		1.02		104 239 207
sp	9.14 -0.96 61.59		0.87		106 138 126
sp	6.11 -0.98 62.04		1.31		204 228 62
sp	3.06 -0.82 62.35		1.21		91 50 218
sp	-0.0 -1.8 62.5		0.73		163 232 134
sp	-3.07 -1.68 62.5		0.87		177 218 175
sp	-6.14 -1.67 62.35		0.54		248 58 187
sp	-9.21 1.88 62.06		0.77		156 209 67
sp	-12.25 2.38 61.61		0.53		228 153 108
sp	-15.28 -0.7 61.01		0.85		63 252 129
sp	-18.28 -2.17 60.26		0.96		169 121 129
sp	-21.24 2.66 59.36		0.87		135 62 227
sp	-24.16 -2.51 58.32		0.86		71 233 205
sp	-27.02 2.33 57.13		0.52		182 197 123
sp	-29.83 -2.16 55.81		1.41		184 92 120
sp	-32.57 0.06 54.35		1.47		54 60 199
sp	-35.24 1.21 52.75		0.76		237 216 61
sp	-37.84 -0.39 51.02		1.31		245 114 245
sp	-40.34 0.55 49.16		0.73		105 108 253
sp	-42.76 -0.77 47.18		1.38		186 223 92
sp	-45.08 0.7 45.08		0.5		215 242 194
sp	-47.29 -1.66 42.86		1.09		88 230 81
sp	-49.4 2.18 40.54		1.15		53 73 218
sp	-51.39 1.96 38.12		1.46		154 179 129
sp	-53.27 -1.46 35.59		1.04		190 234 185
sp	-55.02 -2.06 32.97		0.58		151 126 57
sp	-56.64 -1.19 30.27		0.67		104 95 189
sp	-58.12 -0.34 27.49		1.04		250 213 182
sp	-59.47 1.82 24.64		0.94		201 191 211
sp	-60.69 -1.48 21.71		1.2		142 113 185
sp	-61.75 -2.27 18.73		0.58		141 161 165
sp	-62.67 -2.91 15.7		0.76		227 68 176
sp	-63.44 1.93 12.62		0.56		183 159 250
sp	-64.06 2.93 9.5		1.02		67 178 142
sp	-64.53 -2.54 6.36		0.94		199 90 254
sp	-64.84 -2.26 3.19		1.29		68 96 206
sp	-65.0 -0.53 -0.0		1.05		77 115 86
sp	-65.0 -2.01 -3.19		1.32		117 88 228
sp	-64.84 2.52 -6.39		0.99		86 144 172
sp	-64.53 2.42 -9.57		1.37		101 107 128
sp	-64.06 -0.96 -12.74		1.27		143 181 120
sp	-63.43 -2.96 -15.89		1.5		187 246 129
sp	-62.65 1.26 -19.0		1.32		86 70 101
sp	-61.72 2.29 -22.08		0.53		139 193 90
sp	-60.63 -0.01 -25.11		0.92		246 238 91
sp	-59.39 0.71 -28.09		0.89		234 77 240
sp	-58.01 1.63 -31.01		0.97		240 191 246
sp	-56.49 0.66 -33.86		1.0		83 175 230
sp	-54.83 -2.71 -36.63		0.53		92 139 59
sp	-53.02 0.09 -39.33		0.52		233 92 200
sp	-51.09 -0.25 -41.93		0.89		248 57 129
sp	-49.03 1.02 -44.44		0.79		157 152 153
sp	-46.85 -0.38 -46.85		1.19		120 149 51
sp	-44.54 -1.99 -49.15		1.06		127 109 86
sp	-42.13 1.39 -51.33		1.37		97 67 123
sp	-39.6 2.55 -53.4		0.86		222 67 55
sp	-36.98 -1.96 -55.34		1.06		111 253 69
sp	-34.26 -0.91 -57.16		1.41		172 192 160
sp	-31.45 0.82 -58.84		0.81		106 221 255
sp	-28.56 1.93 -60.38		0.83		139 152 148
sp	-25.59 -2.96 -61.78		1.21		70 232 95
sp	-22.56 1.2 -63.04		0.75		221 65 150
sp	-19.46 -0.13 -64.14		0.99		250 162 71
sp	-16.31 2.11 -65.1		1.42		226 191 61
sp	-13.11 0.12 -65.9		0.78		177 230 164
sp	-9.87 1.63 -66.54		1.4		211 190 228
sp	-6.6 0.71 -67.02		1.45		213 188 135
sp	-3.31 2.04 -67.34		0.89		144 162 121
sp	-0.0 -1.3 -67.5		0.69		122 250 64
sp	3.32 -0.07 -67.5		1.13		76 105 255
sp	6.63 -1.32 -67.33		0.57		212 164 80
sp	9.94 2.9 -67.0		0.99		221 58 91
sp	13.23 -1.15 -66.51		0.89		179 226 128
sp	16.5 -1.8 -65.86		0.99		220 126 89
sp	19.73 -2.59 -65.04		1.13		179 113 65
sp	22.92 2.56 -64.07		1.27		71 245 224
sp	26.07 2.06 -62.94		0.82		156 161 114
sp	29.16 -2.94 -61.65		0.97		103 164 100
sp	32.19 2.9 -60.22		0.61		252 109 225
sp	35.14 -1.98 -58.63		1.01		114 203 211
sp	38.02 1.8 -56.9		0.66		75 100 97
sp	40.81 2.11 -55.03		0.68		214 205 92
sp	43.52 2.89 -53.02		1.15		64 114 178
sp	46.12 1.49 -50.88		0.84		237 148 117
sp	48.61 -0.06 -48.61		1.2		84 119 120
sp	51.0 0.1 -46.22		1.29		180 146 151
sp	53.27 1.8 -43.71		1.08		214 207 232
sp	55.41 0.75 -41.09		0.52		130 252 173
sp	57.42 -0.55 -38.37		0.98		227 133 137
sp	59.3 -1.07 -35.55		1.17		58 74 233
sp	61.05 0.01 -32.63		0.53		146 64 254
sp	62.64 -2.2 -29.63		1.1		213 138 238
sp	64.09 -1.67 -26.55		0.51		234 170 167
sp	65.39 1.09 -23.4		0.76		132 221 190
sp	66.54 2.99 -20.18		0.94		171 57 253
sp	67.52 -2.22 -16.91		1.49		133 89 228
sp	68.35 -1.14 -13.6		0.61		86 184 165
sp	69.01 -2.0 -10.24		1.12		194 214 248
sp	69.51 0.44 -6.85		0.63		91 144 76
sp	69.84 2.41 -3.43		0.52		111 104 53
sp	70.0 0.23 -0.0		0.96		114 119 184
sp	69.99 -2.96 3.44		1.12		102 174 230
sp	69.82 0.23 6.88		1.41		255 151 140
sp	69.47 -1.99 10.31		0.78		191 126 177
sp	68.96 -1.38 13.72		0.59		53 200 237
sp	68.28 -0.96 17.1		1.01		177 85 59
sp	67.43 0.94 20.46		0.91		104 134 94
sp	66.42 2.77 23.77		1.41		232 222 133
sp	65.25 -1.5 27.03		0.52		122 101 72
sp	63.91 0.92 30.23		1.32		246 152 71
sp	62.42 -0.95 33.37		0.6		147 218 236
sp	60.78 -0.3 36.43		1.04		93 66 140
sp	58.98 -0.22 39.41		0.58		115 61 185
sp	57.04 -2.82 42.3		0.97		85 216 68
sp	54.96 0.77 45.1		1.43		69 171 59
sp	52.73 -0.19 47.8		0.95		58 129 85
sp	50.38 -2.69 50.38		0.9		93 70 96
sp	47.9 0.35 52.85		0.88		106 150 89
sp	45.3 -0.68 55.2		1.19		215 75 163
sp	42.58 1.79 57.42		1.13		50 157 135
sp	39.76 1.1 59.5		1.15		128 90 77
sp	36.83 -2.16 61.45		1.0		228 250 186
sp	33.81 -1.19 63.25		0.55		124 209 127
sp	30.7 2.27 64.9		0.59		171 191 83
sp	27.51 -1.96 66.4		1.4		117 139 195
sp	24.24 2.82 67.75		1.18		67 181 146
sp	20.91 1.52 68.93		0.93		207 206 71
sp	17.52 1.87 69.95		1.16		237 178 219
sp	14.08 2.08 70.8		0.66		219 163 101
sp	10.6 -1.83 71.48		1.15		165 114 148
sp	7.09 1.15 72.0		1.39		245 246 141
sp	3.55 -2.14 72.33		1.41		240 227 229
sp	-0.0 -2.63 72.5		0.74		166 230 195
sp	-3.56 -2.62 72.49		0.62		245 120 175
sp	-7.12 2.15 72.31		0.82		130 88 162
sp	-10.67 0.02 71.95		1.0		167 225 227
sp	-14.21 -1.91 71.41		1.37		136 250 116
sp	-17.71 -1.09 70.71		1.27		250 227 223
sp	-21.18 -1.1 69.83		0.99		196 232 83
sp	-24.61 -1.36 68.78		0.56		216 91 159
sp	-27.98 -0.94 67.56		0.69		145 152 173
sp	-31.3 2.91 66.17		1.38		154 134 163
sp	-34.54 -1.2 64.63		1.31		126 81 252
sp	-37.71 -1.82 62.92		0.85		63 242 144
sp	-40.8 2.91 61.06		0.93		62 217 208
sp	-43.79 2.02 59.05		1.4		111 138 116
sp	-46.69 0.04 56.89		1.31		92 79 232
sp	-49.48 1.9 54.59		1.29		168 102 77
sp	-52.15 0.92 52.15		1.36		152 225 68
sp	-54.7 1.07 49.58		1.19		117 186 148
sp	-57.13 -0.09 46.89		1.28		157 118 213
sp	-59.42 -2.88 44.07		0.63		253 81 151
sp	-61.58 -2.7 41.15		1.02		221 197 187
sp	-63.59 -2.63 38.12		1.47		176 218 131
sp	-65.46 2.65 34.99		1.37		112 170 87
sp	-67.16 0.86 31.77		0.8		116 168 60
sp	-68.71 -2.98 28.46		1.11		56 116 145
sp	-70.1 0.78 25.08		0.65		124 186 154
sp	-71.32 2.16 21.64		0.91		217 228 245
sp	-72.37 -0.16 18.13		0.57		170 191 55
sp	-73.25 1.07 14.57		0.88		126 119 128
sp	-73.96 -1.91 10.97		1.38		51 96 55
sp	-74.48 0.02 7.34		1.32		101 59 238
sp	-74.83 1.53 3.68		0.6		105 249 231
sp	-75.0 1.02 0.0		1.07		137 132 118
sp	-74.99 -2.83 -3.68		1.04		76 217 185
sp	-74.79 2.55 -7.37		1.25		174 71 86
sp	-74.42 2.79 -11.04		1.12		247 172 144
sp	-73.87 -0.54 -14.69		0.78		147 204 116
sp	-73.13 1.26 -18.32		0.99		101 67 60
sp	-72.22 -1.96 -21.91		1.26		54 107 226
sp	-71.13 2.13 -25.45		1.34		240 180 245
sp	-69.87 -0.95 -28.94		0.97		146 224 202
sp	-68.43 1.63 -32.37		0.63		62 148 162
sp	-66.83 -1.06 -35.72		1.23		92 122 139
sp	-65.07 -1.07 -39.0		0.95		53 178 254
sp	-63.14 -1.57 -42.19		0.82		231 69 196
sp	-61.06 2.94 -45.28		0.55		94 223 184
sp	-58.82 -0.39 -48.27		0.9		215 172 158
sp	-56.44 0.85 -51.15		1.32		224 178 161
sp	-53.92 -1.77 -53.92		0.95		110 75 98
sp	-51.26 -0.31 -56.56		0.62		176 77 95
sp	-48.47 1.18 -59.06		0.71		225 214 252
sp	-45.56 0.27 -61.43		0.64		85 242 178
sp	-42.54 2.89 -63.66		1.41		196 122 204
sp	-39.4 -1.21 -65.74		0.97		57 213 66
sp	-36.16 2.31 -67.66		1.01		120 133 110
sp	-32.83 -1.09 -69.42		0.56		143 139 255
sp	-29.42 1.91 -71.02		1.22		102 209 196
sp	-25.92 -0.06 -72.45		0.57		225 188 221
sp	-22.36 0.0 -73.71		1.26		136 173 203
sp	-18.74 1.94 -74.8		1.16		119 99 175
sp	-15.06 -1.99 -75.7		1.16		150 241 101
sp	-11.34 -1.9 -76.43		1.32		252 173 225
sp	-7.58 -1.32 -76.97		1.11		189 135 219
sp	-3.8 -2.08 -77.33		0.68		227 116 188
sp	-0.0 1.25 -77.5		0.58		59 252 53
sp	3.81 2.63 -77.48		1.26		217 68 204
sp	7.61 -2.77 -77.28		0.59		62 83 139
sp	11.41 0.28 -76.89		0.71		174 63 123
sp	15.18 -1.59 -76.32		0.78		231 72 158
sp	18.93 -0.78 -75.56		0.83		204 244 200
sp	22.63 -0.69 -74.61		0.74		221 116 79
sp	26.29 -2.78 -73.48		1.37		59 104 102
sp	29.9 -1.71 -72.18		1.45		119 250 153
sp	33.44 2.93 -70.69		1.19		153 127 160
sp	36.9 -1.75 -69.04		0.96		202 222 89
sp	40.28 1.21 -67.21		0.51		180 90 57
sp	43.58 -2.06 -65.22		1.23		183 232 184
sp	46.77 0.61 -63.06		1.47		203 151 196
sp	49.86 -2.41 -60.75		1.31		231 64 199
sp	52.83 2.74 -58.29		0.72		67 83 146
sp	55.68 -0.76 -55.68		0.84		249 140 95
sp	58.41 -0.7 -52.94		1.42		227 129 156
sp	61.0 -0.96 -50.06		0.59		204 83 237
sp	63.44 -2.61 -47.05		1.35		128 226 81
sp	65.74 1.92 -43.92		0.88		211 253 92
sp	67.88 1.59 -40.69		0.99		235 160 219
sp	69.86 2.17 -37.34		1.1		131 109 110
sp	71.68 0.65 -33.9		0.84		108 216 226
sp	73.33 0.48 -30.38		1.09		237 126 73
sp	74.81 1.76 -26.77		0.92		88 233 214
sp	76.11 1.5 -23.09		1.4		63 146 201
sp	77.22 -2.12 -19.34		0.58		227 172 245
sp	78.16 1.18 -15.55		1.17		182 252 155
sp	78.9 0.06 -11.7		0.7		208 229 64
sp	79.46 1.7 -7.83		0.69		68 64 145
sp	79.83 0.16 -3.92		1.2		146 163 144
