C	0 15 -40		0 -0.2 1		85


A	1.0		64 64 64


L	10 10 10		0.5		255 255 255


sp	27.0 0.0 0.0		1.2		254 127 127
sp	26.657 2.163 0.0		1.2		254 166 166
sp	25.663 4.114 0.0		1.2		254 201 201
sp	24.114 5.663 0.0		1.2		254 229 229
sp	22.163 6.657 0.0		1.2		254 247 247
sp	20.0 7.0 0.0		1.2		254 254 254
sp	17.837 6.657 0.0		1.2		254 247 247
sp	15.886 5.663 0.0		1.2		254 229 229
sp	14.337 4.114 0.0		1.2		254 201 201
sp	13.343 2.163 0.0		1.2		254 166 166
sp	13.0 0.0 0.0		1.2		254 127 127
sp	13.343 -2.163 0.0		1.2		254 87 87
sp	14.337 -4.114 0.0		1.2		254 52 52
sp	15.886 -5.663 0.0		1.2		254 24 24
sp	17.837 -6.657 0.0		1.2		254 6 6
sp	20.0 -7.0 0.0		1.2		254 0 0
sp	22.163 -6.657 0.0		1.2		254 6 6
sp	24.114 -5.663 0.0		1.2		254 24 24
sp	25.663 -4.114 0.0		1.2		254 52 52
sp	26.657 -2.163 0.0		1.2		254 87 87
sp	26.852 0.0 2.822		1.2		253 127 140
sp	26.511 2.163 2.786		1.2		253 166 178
sp	25.523 4.114 2.683		1.2		253 201 211
sp	23.982 5.663 2.521		1.2		253 229 236
sp	22.042 6.657 2.317		1.2		253 247 251
sp	19.89 7.0 2.091		1.2		253 254 253
sp	17.739 6.657 1.864		1.2		253 247 243
sp	15.798 5.663 1.66		1.2		253 229 221
sp	14.258 4.114 1.499		1.2		253 201 190
sp	13.27 2.163 1.395		1.2		253 166 153
sp	12.929 0.0 1.359		1.2		253 127 113
sp	13.27 -2.163 1.395		1.2		253 87 75
sp	14.258 -4.114 1.499		1.2		253 52 42
sp	15.798 -5.663 1.66		1.2		253 24 17
sp	17.739 -6.657 1.864		1.2		253 6 2
sp	19.89 -7.0 2.091		1.2		253 0 0
sp	22.042 -6.657 2.317		1.2		253 6 10
sp	23.982 -5.663 2.521		1.2		253 24 32
sp	25.523 -4.114 2.683		1.2		253 52 63
sp	26.511 -2.163 2.786		1.2		253 87 100
sp	26.41 0.0 5.614		1.2		251 127 153
sp	26.075 2.163 5.542		1.2		251 166 190
sp	25.102 4.114 5.336		1.2		251 201 221
sp	23.588 5.663 5.014		1.2		251 229 243
sp	21.679 6.657 4.608		1.2		251 247 253
sp	19.563 7.0 4.158		1.2		251 254 251
sp	17.447 6.657 3.708		1.2		251 247 236
sp	15.538 5.663 3.303		1.2		251 229 211
sp	14.024 4.114 2.981		1.2		251 201 178
sp	13.051 2.163 2.774		1.2		251 166 140
sp	12.716 0.0 2.703		1.2		251 127 100
sp	13.051 -2.163 2.774		1.2		251 87 63
sp	14.024 -4.114 2.981		1.2		251 52 32
sp	15.538 -5.663 3.303		1.2		251 24 10
sp	17.447 -6.657 3.708		1.2		251 6 0
sp	19.563 -7.0 4.158		1.2		251 0 2
sp	21.679 -6.657 4.608		1.2		251 6 17
sp	23.588 -5.663 5.014		1.2		251 24 42
sp	25.102 -4.114 5.336		1.2		251 52 75
sp	26.075 -2.163 5.542		1.2		251 87 113
sp	25.679 0.0 8.343		1.2		247 127 166
sp	25.353 2.163 8.238		1.2		247 166 201
sp	24.407 4.114 7.93		1.2		247 201 229
sp	22.934 5.663 7.452		1.2		247 229 247
sp	21.078 6.657 6.849		1.2		247 247 254
sp	19.021 7.0 6.18		1.2		247 254 247
sp	16.964 6.657 5.512		1.2		247 247 229
sp	15.108 5.663 4.909		1.2		247 229 201
sp	13.635 4.114 4.43		1.2		247 201 166
sp	12.69 2.163 4.123		1.2		247 166 127
sp	12.364 0.0 4.017		1.2		247 127 87
sp	12.69 -2.163 4.123		1.2		247 87 52
sp	13.635 -4.114 4.43		1.2		247 52 24
sp	15.108 -5.663 4.909		1.2		247 24 6
sp	16.964 -6.657 5.512		1.2		247 6 0
sp	19.021 -7.0 6.18		1.2		247 0 6
sp	21.078 -6.657 6.849		1.2		247 6 24
sp	22.934 -5.663 7.452		1.2		247 24 52
sp	24.407 -4.114 7.93		1.2		247 52 87
sp	25.353 -2.163 8.238		1.2		247 87 126
sp	24.666 0.0 10.982		1.2		243 127 178
sp	24.353 2.163 10.843		1.2		243 166 211
sp	23.444 4.114 10.438		1.2		243 201 236
sp	22.03 5.663 9.808		1.2		243 229 251
sp	20.247 6.657 9.015		1.2		243 247 253
sp	18.271 7.0 8.135		1.2		243 254 243
sp	16.295 6.657 7.255		1.2		243 247 221
sp	14.512 5.663 6.461		1.2		243 229 190
sp	13.097 4.114 5.831		1.2		243 201 153
sp	12.189 2.163 5.427		1.2		243 166 113
sp	11.876 0.0 5.288		1.2		243 127 75
sp	12.189 -2.163 5.427		1.2		243 87 42
sp	13.097 -4.114 5.831		1.2		243 52 17
sp	14.512 -5.663 6.461		1.2		243 24 2
sp	16.295 -6.657 7.255		1.2		243 6 0
sp	18.271 -7.0 8.135		1.2		243 0 10
sp	20.247 -6.657 9.015		1.2		243 6 32
sp	22.03 -5.663 9.808		1.2		243 24 63
sp	23.444 -4.114 10.438		1.2		243 52 100
sp	24.353 -2.163 10.843		1.2		243 87 140
sp	23.383 0.0 13.5		1.2		236 127 190
sp	23.086 2.163 13.329		1.2		236 166 221
sp	22.225 4.114 12.832		1.2		236 201 243
sp	20.884 5.663 12.057		1.2		236 229 253
sp	19.194 6.657 11.082		1.2		236 247 251
sp	17.321 7.0 10.0		1.2		236 254 236
sp	15.447 6.657 8.918		1.2		236 247 211
sp	13.757 5.663 7.943		1.2		236 229 178
sp	12.416 4.114 7.168		1.2		236 201 140
sp	11.555 2.163 6.671		1.2		236 166 100
sp	11.258 0.0 6.5		1.2		236 127 63
sp	11.555 -2.163 6.671		1.2		236 87 32
sp	12.416 -4.114 7.168		1.2		236 52 10
sp	13.757 -5.663 7.943		1.2		236 24 0
sp	15.447 -6.657 8.918		1.2		236 6 2
sp	17.321 -7.0 10.0		1.2		236 0 17
sp	19.194 -6.657 11.082		1.2		236 6 42
sp	20.884 -5.663 12.057		1.2		236 24 75
sp	22.225 -4.114 12.832		1.2		236 52 113
sp	23.086 -2.163 13.329		1.2		236 87 153
sp	21.843 0.0 15.87		1.2		229 127 201
sp	21.566 2.163 15.669		1.2		229 166 229
sp	20.762 4.114 15.084		1.2		229 201 247
sp	19.509 5.663 14.174		1.2		229 229 254
sp	17.93 6.657 13.027		1.2		229 247 247
sp	16.18 7.0 11.756		1.2		229 254 229
sp	14.43 6.657 10.484		1.2		229 247 201
sp	12.852 5.663 9.337		1.2		229 229 166
sp	11.599 4.114 8.427		1.2		229 201 127
sp	10.794 2.163 7.843		1.2		229 166 87
sp	10.517 0.0 7.641		1.2		229 127 52
sp	10.794 -2.163 7.843		1.2		229 87 24
sp	11.599 -4.114 8.427		1.2		229 52 6
sp	12.852 -5.663 9.337		1.2		229 24 0
sp	14.43 -6.657 10.484		1.2		229 6 6
sp	16.18 -7.0 11.756		1.2		229 0 24
sp	17.93 -6.657 13.027		1.2		229 6 52
sp	19.509 -5.663 14.174		1.2		229 24 87
sp	20.762 -4.114 15.084		1.2		229 52 126
sp	21.566 -2.163 15.669		1.2		229 87 166
sp	20.065 0.0 18.067		1.2		221 127 211
sp	19.81 2.163 17.837		1.2		221 166 236
sp	19.071 4.114 17.172		1.2		221 201 251
sp	17.921 5.663 16.136		1.2		221 229 253
sp	16.47 6.657 14.83		1.2		221 247 243
sp	14.863 7.0 13.383		1.2		221 254 221
sp	13.255 6.657 11.935		1.2		221 247 190
sp	11.805 5.663 10.629		1.2		221 229 153
sp	10.654 4.114 9.593		1.2		221 201 113
sp	9.915 2.163 8.928		1.2		221 166 75
sp	9.661 0.0 8.699		1.2		221 127 42
sp	9.915 -2.163 8.928		1.2		221 87 17
sp	10.654 -4.114 9.593		1.2		221 52 2
sp	11.805 -5.663 10.629		1.2		221 24 0
sp	13.255 -6.657 11.935		1.2		221 6 10
sp	14.863 -7.0 13.383		1.2		221 0 32
sp	16.47 -6.657 14.83		1.2		221 6 63
sp	17.921 -5.663 16.136		1.2		221 24 100
sp	19.071 -4.114 17.172		1.2		221 52 140
sp	19.81 -2.163 17.837		1.2		221 87 178
sp	18.067 0.0 20.065		1.2		211 127 221
sp	17.837 2.163 19.81		1.2		211 166 243
sp	17.172 4.114 19.071		1.2		211 201 253
sp	16.136 5.663 17.921		1.2		211 229 251
sp	14.83 6.657 16.47		1.2		211 247 236
sp	13.383 7.0 14.863		1.2		211 254 211
sp	11.935 6.657 13.255		1.2		211 247 178
sp	10.629 5.663 11.805		1.2		211 229 140
sp	9.593 4.114 10.654		1.2		211 201 100
sp	8.928 2.163 9.915		1.2		211 166 63
sp	8.699 0.0 9.661		1.2		211 127 32
sp	8.928 -2.163 9.915		1.2		211 87 10
sp	9.593 -4.114 10.654		1.2		211 52 0
sp	10.629 -5.663 11.805		1.2		211 24 2
sp	11.935 -6.657 13.255		1.2		211 6 17
sp	13.383 -7.0 14.863		1.2		211 0 42
sp	14.83 -6.657 16.47		1.2		211 6 75
sp	16.136 -5.663 17.921		1.2		211 24 113
sp	17.172 -4.114 19.071		1.2		211 52 153
sp	17.837 -2.163 19.81		1.2		211 87 190
sp	15.87 0.0 21.843		1.2		201 127 229
sp	15.669 2.163 21.566		1.2		201 166 247
sp	15.084 4.114 20.762		1.2		201 201 254
sp	14.174 5.663 19.509		1.2		201 229 247
sp	13.027 6.657 17.93		1.2		201 247 229
sp	11.756 7.0 16.18		1.2		201 254 201
sp	10.484 6.657 14.43		1.2		201 247 166
sp	9.337 5.663 12.852		1.2		201 229 127
sp	8.427 4.114 11.599		1.2		201 201 87
sp	7.843 2.163 10.794		1.2		201 166 52
sp	7.641 0.0 10.517		1.2		201 127 24
sp	7.843 -2.163 10.794		1.2		201 87 6
sp	8.427 -4.114 11.599		1.2		201 52 0
sp	9.337 -5.663 12.852		1.2		201 24 6
sp	10.484 -6.657 14.43		1.2		201 6 24
sp	11.756 -7.0 16.18		1.2		201 0 52
sp	13.027 -6.657 17.93		1.2		201 6 87
sp	14.174 -5.663 19.509		1.2		201 24 126
sp	15.084 -4.114 20.762		1.2		201 52 166
sp	15.669 -2.163 21.566		1.2		201 87 201
sp	13.5 0.0 23.383		1.2		190 127 236
sp	13.329 2.163 23.086		1.2		190 166 251
sp	12.832 4.114 22.225		1.2		190 201 253
sp	12.057 5.663 20.884		1.2		190 229 243
sp	11.082 6.657 19.194		1.2		190 247 221
sp	10.0 7.0 17.321		1.2		190 254 190
sp	8.918 6.657 15.447		1.2		190 247 153
sp	7.943 5.663 13.757		1.2		190 229 113
sp	7.168 4.114 12.416		1.2		190 201 75
sp	6.671 2.163 11.555		1.2		190 166 42
sp	6.5 0.0 11.258		1.2		190 127 17
sp	6.671 -2.163 11.555		1.2		190 87 2
sp	7.168 -4.114 12.416		1.2		190 52 0
sp	7.943 -5.663 13.757		1.2		190 24 10
sp	8.918 -6.657 15.447		1.2		190 6 32
sp	10.0 -7.0 17.321		1.2		190 0 63
sp	11.082 -6.657 19.194		1.2		190 6 100
sp	12.057 -5.663 20.884		1.2		190 24 140
sp	12.832 -4.114 22.225		1.2		190 52 178
sp	13.329 -2.163 23.086		1.2		190 87 211
sp	10.982 0.0 24.666		1.2		178 127 243
sp	10.843 2.163 24.353		1.2		178 166 253
sp	10.438 4.114 23.444		1.2		178 201 251
sp	9.808 5.663 22.03		1.2		178 229 236
sp	9.015 6.657 20.247		1.2		178 247 211
sp	8.135 7.0 18.271		1.2		178 254 178
sp	7.255 6.657 16.295		1.2		178 247 140
sp	6.461 5.663 14.512		1.2		178 229 100
sp	5.831 4.114 13.097		1.2		178 201 63
sp	5.427 2.163 12.189		1.2		178 166 32
sp	5.288 0.0 11.876		1.2		178 127 10
sp	5.427 -2.163 12.189		1.2		178 87 0
sp	5.831 -4.114 13.097		1.2		178 52 2
sp	6.461 -5.663 14.512		1.2		178 24 17
sp	7.255 -6.657 16.295		1.2		178 6 42
sp	8.135 -7.0 18.271		1.2		178 0 75
sp	9.015 -6.657 20.247		1.2		178 6 113
sp	9.808 -5.663 22.03		1.2		178 24 153
sp	10.438 -4.114 23.444		1.2		178 52 190
sp	10.843 -2.163 24.353		1.2		178 87 221
sp	8.343 0.0 25.679		1.2		166 127 247
sp	8.238 2.163 25.353		1.2		166 166 254
sp	7.93 4.114 24.407		1.2		166 201 247
sp	7.452 5.663 22.934		1.2		166 229 229
sp	6.849 6.657 21.078		1.2		166 247 201
sp	6.18 7.0 19.021		1.2		166 254 166
sp	5.512 6.657 16.964		1.2		166 247 127
sp	4.909 5.663 15.108		1.2		166 229 87
sp	4.43 4.114 13.635		1.2		166 201 52
sp	4.123 2.163 12.69		1.2		166 166 24
sp	4.017 0.0 12.364		1.2		166 127 6
sp	4.123 -2.163 12.69		1.2		166 87 0
sp	4.43 -4.114 13.635		1.2		166 52 6
sp	4.909 -5.663 15.108		1.2		166 24 24
sp	5.512 -6.657 16.964		1.2		166 6 52
sp	6.18 -7.0 19.021		1.2		166 0 87
sp	6.849 -6.657 21.078		1.2		166 6 126
sp	7.452 -5.663 22.934		1.2		166 24 166
sp	7.93 -4.114 24.407		1.2		166 52 201
sp	8.238 -2.163 25.353		1.2		166 87 229
sp	5.614 0.0 26.41		1.2		153 127 251
sp	5.542 2.163 26.075		1.2		153 166 253
sp	5.336 4.114 25.102		1.2		153 201 243
sp	5.014 5.663 23.588		1.2		153 229 221
sp	4.608 6.657 21.679		1.2		153 247 190
sp	4.158 7.0 19.563		1.2		153 254 153
sp	3.708 6.657 17.447		1.2		153 247 113
sp	3.303 5.663 15.538		1.2		153 229 75
sp	2.981 4.114 14.024		1.2		153 201 42
sp	2.774 2.163 13.051		1.2		153 166 17
sp	2.703 0.0 12.716		1.2		153 127 2
sp	2.774 -2.163 13.051		1.2		153 87 0
sp	2.981 -4.114 14.024		1.2		153 52 10
sp	3.303 -5.663 15.538		1.2		153 24 32
sp	3.708 -6.657 17.447		1.2		153 6 63
sp	4.158 -7.0 19.563		1.2		153 0 100
sp	4.608 -6.657 21.679		1.2		153 6 140
sp	5.014 -5.663 23.588		1.2		153 24 178
sp	5.336 -4.114 25.102		1.2		153 52 211
sp	5.542 -2.163 26.075		1.2		153 87 236
sp	2.822 0.0 26.852		1.2		140 127 253
sp	2.786 2.163 26.511		1.2		140 166 251
sp	2.683 4.114 25.523		1.2		140 201 236
sp	2.521 5.663 23.982		1.2		140 229 211
sp	2.317 6.657 22.042		1.2		140 247 178
sp	2.091 7.0 19.89		1.2		140 254 140
sp	1.864 6.657 17.739		1.2		140 247 100
sp	1.66 5.663 15.798		1.2		140 229 63
sp	1.499 4.114 14.258		1.2		140 201 32
sp	1.395 2.163 13.27		1.2		140 166 10
sp	1.359 0.0 12.929		1.2		140 127 0
sp	1.395 -2.163 13.27		1.2		140 87 2
sp	1.499 -4.114 14.258		1.2		140 52 17
sp	1.66 -5.663 15.798		1.2		140 24 42
sp	1.864 -6.657 17.739		1.2		140 6 75
sp	2.091 -7.0 19.89		1.2		140 0 113
sp	2.317 -6.657 22.042		1.2		140 6 153
sp	2.521 -5.663 23.982		1.2		140 24 190
sp	2.683 -4.114 25.523		1.2		140 52 221
sp	2.786 -2.163 26.511		1.2		140 87 243
sp	0.0 0.0 27.0		1.2		127 127 254
sp	0.0 2.163 26.657		1.2		127 166 247
sp	0.0 4.114 25.663		1.2		127 201 229
sp	0.0 5.663 24.114		1.2		127 229 201
sp	0.0 6.657 22.163		1.2		127 247 166
sp	0.0 7.0 20.0		1.2		127 254 127
sp	0.0 6.657 17.837		1.2		127 247 87
sp	0.0 5.663 15.886		1.2		127 229 52
sp	0.0 4.114 14.337		1.2		127 201 24
sp	0.0 2.163 13.343		1.2		127 166 6
sp	0.0 0.0 13.0		1.2		127 127 0
sp	0.0 -2.163 13.343		1.2		127 87 6
sp	0.0 -4.114 14.337		1.2		127 52 24
sp	0.0 -5.663 15.886		1.2		127 24 52
sp	0.0 -6.657 17.837		1.2		127 6 87
sp	0.0 -7.0 20.0		1.2		127 0 126
sp	0.0 -6.657 22.163		1.2		127 6 166
sp	0.0 -5.663 24.114		1.2		127 24 201
sp	0.0 -4.114 25.663		1.2		127 52 229
sp	0.0 -2.163 26.657		1.2		127 87 247
sp	-2.822 0.0 26.852		1.2		113 127 253
sp	-2.786 2.163 26.511		1.2		113 166 243
sp	-2.683 4.114 25.523		1.2		113 201 221
sp	-2.521 5.663 23.982		1.2		113 229 190
sp	-2.317 6.657 22.042		1.2		113 247 153
sp	-2.091 7.0 19.89		1.2		113 254 113
sp	-1.864 6.657 17.739		1.2		113 247 75
sp	-1.66 5.663 15.798		1.2		113 229 42
sp	-1.499 4.114 14.258		1.2		113 201 17
sp	-1.395 2.163 13.27		1.2		113 166 2
sp	-1.359 0.0 12.929		1.2		113 127 0
sp	-1.395 -2.163 13.27		1.2		113 87 10
sp	-1.499 -4.114 14.258		1.2		113 52 32
sp	-1.66 -5.663 15.798		1.2		113 24 63
sp	-1.864 -6.657 17.739		1.2		113 6 100
sp	-2.091 -7.0 19.89		1.2		113 0 140
sp	-2.317 -6.657 22.042		1.2		113 6 178
sp	-2.521 -5.663 23.982		1.2		113 24 211
sp	-2.683 -4.114 25.523		1.2		113 52 236
sp	-2.786 -2.163 26.511		1.2		113 87 251
sp	-5.614 0.0 26.41		1.2		100 127 251
sp	-5.542 2.163 26.075		1.2		100 166 236
sp	-5.336 4.114 25.102		1.2		100 201 211
sp	-5.014 5.663 23.588		1.2		100 229 178
sp	-4.608 6.657 21.679		1.2		100 247 140
sp	-4.158 7.0 19.563		1.2		100 254 100
sp	-3.708 6.657 17.447		1.2		100 247 63
sp	-3.303 5.663 15.538		1.2		100 229 32
sp	-2.981 4.114 14.024		1.2		100 201 10
sp	-2.774 2.163 13.051		1.2		100 166 0
sp	-2.703 0.0 12.716		1.2		100 127 2
sp	-2.774 -2.163 13.051		1.2		100 87 17
sp	-2.981 -4.114 14.024		1.2		100 52 42
sp	-3.303 -5.663 15.538		1.2		100 24 75
sp	-3.708 -6.657 17.447		1.2		100 6 113
sp	-4.158 -7.0 19.563		1.2		100 0 153
sp	-4.608 -6.657 21.679		1.2		100 6 190
sp	-5.014 -5.663 23.588		1.2		100 24 221
sp	-5.336 -4.114 25.102		1.2		100 52 243
sp	-5.542 -2.163 26.075		1.2		100 87 253
sp	-8.343 0.0 25.679		1.2		87 127 247
sp	-8.238 2.163 25.353		1.2		87 166 229
sp	-7.93 4.114 24.407		1.2		87 201 201
sp	-7.452 5.663 22.934		1.2		87 229 166
sp	-6.849 6.657 21.078		1.2		87 247 127
sp	-6.18 7.0 19.021		1.2		87 254 87
sp	-5.512 6.657 16.964		1.2		87 247 52
sp	-4.909 5.663 15.108		1.2		87 229 24
sp	-4.43 4.114 13.635		1.2		87 201 6
sp	-4.123 2.163 12.69		1.2		87 166 0
sp	-4.017 0.0 12.364		1.2		87 127 6
sp	-4.123 -2.163 12.69		1.2		87 87 24
sp	-4.43 -4.114 13.635		1.2		87 52 52
sp	-4.909 -5.663 15.108		1.2		87 24 87
sp	-5.512 -6.657 16.964		1.2		87 6 126
sp	-6.18 -7.0 19.021		1.2		87 0 166
sp	-6.849 -6.657 21.078		1.2		87 6 201
sp	-7.452 -5.663 22.934		1.2		87 24 229
sp	-7.93 -4.114 24.407		1.2		87 52 247
sp	-8.238 -2.163 25.353		1.2		87 87 254
sp	-10.982 0.0 24.666		1.2		75 127 243
sp	-10.843 2.163 24.353		1.2		75 166 221
sp	-10.438 4.114 23.444		1.2		75 201 190
sp	-9.808 5.663 22.03		1.2		75 229 153
sp	-9.015 6.657 20.247		1.2		75 247 113
sp	-8.135 7.0 18.271		1.2		75 254 75
sp	-7.255 6.657 16.295		1.2		75 247 42
sp	-6.461 5.663 14.512		1.2		75 229 17
sp	-5.831 4.114 13.097		1.2		75 201 2
sp	-5.427 2.163 12.189		1.2		75 166 0
sp	-5.288 0.0 11.876		1.2		75 127 10
sp	-5.427 -2.163 12.189		1.2		75 87 32
sp	-5.831 -4.114 13.097		1.2		75 52 63
sp	-6.461 -5.663 14.512		1.2		75 24 100
sp	-7.255 -6.657 16.295		1.2		75 6 140
sp	-8.135 -7.0 18.271		1.2		75 0 178
sp	-9.015 -6.657 20.247		1.2		75 6 211
sp	-9.808 -5.663 22.03		1.2		75 24 236
sp	-10.438 -4.114 23.444		1.2		75 52 251
sp	-10.843 -2.163 24.353		1.2		75 87 253
sp	-13.5 0.0 23.383		1.2		63 127 236
sp	-13.329 2.163 23.086		1.2		63 166 211
sp	-12.832 4.114 22.225		1.2		63 201 178
sp	-12.057 5.663 20.884		1.2		63 229 140
sp	-11.082 6.657 19.194		1.2		63 247 100
sp	-10.0 7.0 17.321		1.2		63 254 63
sp	-8.918 6.657 15.447		1.2		63 247 32
sp	-7.943 5.663 13.757		1.2		63 229 10
sp	-7.168 4.114 12.416		1.2		63 201 0
sp	-6.671 2.163 11.555		1.2		63 166 2
sp	-6.5 0.0 11.258		1.2		63 127 17
sp	-6.671 -2.163 11.555		1.2		63 87 42
sp	-7.168 -4.114 12.416		1.2		63 52 75
sp	-7.943 -5.663 13.757		1.2		63 24 113
sp	-8.918 -6.657 15.447		1.2		63 6 153
sp	-10.0 -7.0 17.321		1.2		63 0 190
sp	-11.082 -6.657 19.194		1.2		63 6 221
sp	-12.057 -5.663 20.884		1.2		63 24 243
sp	-12.832 -4.114 22.225		1.2		63 52 253
sp	-13.329 -2.163 23.086		1.2		63 87 251
sp	-15.87 0.0 21.843		1.2		52 127 229
sp	-15.669 2.163 21.566		1.2		52 166 201
sp	-15.084 4.114 20.762		1.2		52 201 166
sp	-14.174 5.663 19.509		1.2		52 229 127
sp	-13.027 6.657 17.93		1.2		52 247 87
sp	-11.756 7.0 16.18		1.2		52 254 52
sp	-10.484 6.657 14.43		1.2		52 247 24
sp	-9.337 5.663 12.852		1.2		52 229 6
sp	-8.427 4.114 11.599		1.2		52 201 0
sp	-7.843 2.163 10.794		1.2		52 166 6
sp	-7.641 0.0 10.517		1.2		52 127 24
sp	-7.843 -2.163 10.794		1.2		52 87 52
sp	-8.427 -4.114 11.599		1.2		52 52 87
sp	-9.337 -5.663 12.852		1.2		52 24 126
sp	-10.484 -6.657 14.43		1.2		52 6 166
sp	-11.756 -7.0 16.18		1.2		52 0 201
sp	-13.027 -6.657 17.93		1.2		52 6 229
sp	-14.174 -5.663 19.509		1.2		52 24 247
sp	-15.084 -4.114 20.762		1.2		52 52 254
sp	-15.669 -2.163 21.566		1.2		52 87 247
sp	-18.067 0.0 20.065		1.2		42 127 221
sp	-17.837 2.163 19.81		1.2		42 166 190
sp	-17.172 4.114 19.071		1.2		42 201 153
sp	-16.136 5.663 17.921		1.2		42 229 113
sp	-14.83 6.657 16.47		1.2		42 247 75
sp	-13.383 7.0 14.863		1.2		42 254 42
sp	-11.935 6.657 13.255		1.2		42 247 17
sp	-10.629 5.663 11.805		1.2		42 229 2
sp	-9.593 4.114 10.654		1.2		42 201 0
sp	-8.928 2.163 9.915		1.2		42 166 10
sp	-8.699 0.0 9.661		1.2		42 127 32
sp	-8.928 -2.163 9.915		1.2		42 87 63
sp	-9.593 -4.114 10.654		1.2		42 52 100
sp	-10.629 -5.663 11.805		1.2		42 24 140
sp	-11.935 -6.657 13.255		1.2		42 6 178
sp	-13.383 -7.0 14.863		1.2		42 0 211
sp	-14.83 -6.657 16.47		1.2		42 6 236
sp	-16.136 -5.663 17.921		1.2		42 24 251
sp	-17.172 -4.114 19.071		1.2		42 52 253
sp	-17.837 -2.163 19.81		1.2		42 87 243
sp	-20.065 0.0 18.067		1.2		32 127 211
sp	-19.81 2.163 17.837		1.2		32 166 178
sp	-19.071 4.114 17.172		1.2		32 201 140
sp	-17.921 5.663 16.136		1.2		32 229 100
sp	-16.47 6.657 14.83		1.2		32 247 63
sp	-14.863 7.0 13.383		1.2		32 254 32
sp	-13.255 6.657 11.935		1.2		32 247 10
sp	-11.805 5.663 10.629		1.2		32 229 0
sp	-10.654 4.114 9.593		1.2		32 201 2
sp	-9.915 2.163 8.928		1.2		32 166 17
sp	-9.661 0.0 8.699		1.2		32 127 42
sp	-9.915 -2.163 8.928		1.2		32 87 75
sp	-10.654 -4.114 9.593		1.2		32 52 113
sp	-11.805 -5.663 10.629		1.2		32 24 153
sp	-13.255 -6.657 11.935		1.2		32 6 190
sp	-14.863 -7.0 13.383		1.2		32 0 221
sp	-16.47 -6.657 14.83		1.2		32 6 243
sp	-17.921 -5.663 16.136		1.2		32 24 253
sp	-19.071 -4.114 17.172		1.2		32 52 251
sp	-19.81 -2.163 17.837		1.2		32 87 236
sp	-21.843 0.0 15.87		1.2		24 127 201
sp	-21.566 2.163 15.669		1.2		24 166 166
sp	-20.762 4.114 15.084		1.2		24 201 127
sp	-19.509 5.663 14.174		1.2		24 229 87
sp	-17.93 6.657 13.027		1.2		24 247 52
sp	-16.18 7.0 11.756		1.2		24 254 24
sp	-14.43 6.657 10.484		1.2		24 247 6
sp	-12.852 5.663 9.337		1.2		24 229 0
sp	-11.599 4.114 8.427		1.2		24 201 6
sp	-10.794 2.163 7.843		1.2		24 166 24
sp	-10.517 0.0 7.641		1.2		24 127 52
sp	-10.794 -2.163 7.843		1.2		24 87 87
sp	-11.599 -4.114 8.427		1.2		24 52 126
sp	-12.852 -5.663 9.337		1.2		24 24 166
sp	-14.43 -6.657 10.484		1.2		24 6 201
sp	-16.18 -7.0 11.756		1.2		24 0 229
sp	-17.93 -6.657 13.027		1.2		24 6 247
sp	-19.509 -5.663 14.174		1.2		24 24 254
sp	-20.762 -4.114 15.084		1.2		24 52 247
sp	-21.566 -2.163 15.669		1.2		24 87 229
sp	-23.383 0.0 13.5		1.2		17 127 190
sp	-23.086 2.163 13.329		1.2		17 166 153
sp	-22.225 4.114 12.832		1.2		17 201 113
sp	-20.884 5.663 12.057		1.2		17 229 75
sp	-19.194 6.657 11.082		1.2		17 247 42
sp	-17.321 7.0 10.0		1.2		17 254 17
sp	-15.447 6.657 8.918		1.2		17 247 2
sp	-13.757 5.663 7.943		1.2		17 229 0
sp	-12.416 4.114 7.168		1.2		17 201 10
sp	-11.555 2.163 6.671		1.2		17 166 32
sp	-11.258 0.0 6.5		1.2		17 127 63
sp	-11.555 -2.163 6.671		1.2		17 87 100
sp	-12.416 -4.114 7.168		1.2		17 52 140
sp	-13.757 -5.663 7.943		1.2		17 24 178
sp	-15.447 -6.657 8.918		1.2		17 6 211
sp	-17.321 -7.0 10.0		1.2		17 0 236
sp	-19.194 -6.657 11.082		1.2		17 6 251
sp	-20.884 -5.663 12.057		1.2		17 24 253
sp	-22.225 -4.114 12.832		1.2		17 52 243
sp	-23.086 -2.163 13.329		1.2		17 87 221
sp	-24.666 0.0 10.982		1.2		10 127 178
sp	-24.353 2.163 10.843		1.2		10 166 140
sp	-23.444 4.114 10.438		1.2		10 201 100
sp	-22.03 5.663 9.808		1.2		10 229 63
sp	-20.247 6.657 9.015		1.2		10 247 32
sp	-18.271 7.0 8.135		1.2		10 254 10
sp	-16.295 6.657 7.255		1.2		10 247 0
sp	-14.512 5.663 6.461		1.2		10 229 2
sp	-13.097 4.114 5.831		1.2		10 201 17
sp	-12.189 2.163 5.427		1.2		10 166 42
sp	-11.876 0.0 5.288		1.2		10 127 75
sp	-12.189 -2.163 5.427		1.2		10 87 113
sp	-13.097 -4.114 5.831		1.2		10 52 153
sp	-14.512 -5.663 6.461		1.2		10 24 190
sp	-16.295 -6.657 7.255		1.2		10 6 221
sp	-18.271 -7.0 8.135		1.2		10 0 243
sp	-20.247 -6.657 9.015		1.2		10 6 253
sp	-22.03 -5.663 9.808		1.2		10 24 251
sp	-23.444 -4.114 10.438		1.2		10 52 236
sp	-24.353 -2.163 10.843		1.2		10 87 211
sp	-25.679 0.0 8.343		1.2		6 127 166
sp	-25.353 2.163 8.238		1.2		6 166 127
sp	-24.407 4.114 7.93		1.2		6 201 87
sp	-22.934 5.663 7.452		1.2		6 229 52
sp	-21.078 6.657 6.849		1.2		6 247 24
sp	-19.021 7.0 6.18		1.2		6 254 6
sp	-16.964 6.657 5.512		1.2		6 247 0
sp	-15.108 5.663 4.909		1.2		6 229 6
sp	-13.635 4.114 4.43		1.2		6 201 24
sp	-12.69 2.163 4.123		1.2		6 166 52
sp	-12.364 0.0 4.017		1.2		6 127 87
sp	-12.69 -2.163 4.123		1.2		6 87 126
sp	-13.635 -4.114 4.43		1.2		6 52 166
sp	-15.108 -5.663 4.909		1.2		6 24 201
sp	-16.964 -6.657 5.512		1.2		6 6 229
sp	-19.021 -7.0 6.18		1.2		6 0 247
sp	-21.078 -6.657 6.849		1.2		6 6 254
sp	-22.934 -5.663 7.452		1.2		6 24 247
sp	-24.407 -4.114 7.93		1.2		6 52 229
sp	-25.353 -2.163 8.238		1.2		6 87 201
sp	-26.41 0.0 5.614		1.2		2 127 153
sp	-26.075 2.163 5.542		1.2		2 166 113
sp	-25.102 4.114 5.336		1.2		2 201 75
sp	-23.588 5.663 5.014		1.2		2 229 42
sp	-21.679 6.657 4.608		1.2		2 247 17
sp	-19.563 7.0 4.158		1.2		2 254 2
sp	-17.447 6.657 3.708		1.2		2 247 0
sp	-15.538 5.663 3.303		1.2		2 229 10
sp	-14.024 4.114 2.981		1.2		2 201 32
sp	-13.051 2.163 2.774		1.2		2 166 63
sp	-12.716 0.0 2.703		1.2		2 127 100
sp	-13.051 -2.163 2.774		1.2		2 87 140
sp	-14.024 -4.114 2.981		1.2		2 52 178
sp	-15.538 -5.663 3.303		1.2		2 24 211
sp	-17.447 -6.657 3.708		1.2		2 6 236
sp	-19.563 -7.0 4.158		1.2		2 0 251
sp	-21.679 -6.657 4.608		1.2		2 6 253
sp	-23.588 -5.663 5.014		1.2		2 24 243
sp	-25.102 -4.114 5.336		1.2		2 52 221
sp	-26.075 -2.163 5.542		1.2		2 87 190
sp	-26.852 0.0 2.822		1.2		0 127 140
sp	-26.511 2.163 2.786		1.2		0 166 100
sp	-25.523 4.114 2.683		1.2		0 201 63
sp	-23.982 5.663 2.521		1.2		0 229 32
sp	-22.042 6.657 2.317		1.2		0 247 10
sp	-19.89 7.0 2.091		1.2		0 254 0
sp	-17.739 6.657 1.864		1.2		0 247 2
sp	-15.798 5.663 1.66		1.2		0 229 17
sp	-14.258 4.114 1.499		1.2		0 201 42
sp	-13.27 2.163 1.395		1.2		0 166 75
sp	-12.929 0.0 1.359		1.2		0 127 113
sp	-13.27 -2.163 1.395		1.2		0 87 153
sp	-14.258 -4.114 1.499		1.2		0 52 190
sp	-15.798 -5.663 1.66		1.2		0 24 221
sp	-17.739 -6.657 1.864		1.2		0 6 243
sp	-19.89 -7.0 2.091		1.2		0 0 253
sp	-22.042 -6.657 2.317		1.2		0 6 251
sp	-23.982 -5.663 2.521		1.2		0 24 236
sp	-25.523 -4.114 2.683		1.2		0 52 211
sp	-26.511 -2.163 2.786		1.2		0 87 178
sp	-27.0 0.0 0.0		1.2		0 127 127
sp	-26.657 2.163 0.0		1.2		0 166 87
sp	-25.663 4.114 0.0		1.2		0 201 52
sp	-24.114 5.663 0.0		1.2		0 229 24
sp	-22.163 6.657 0.0		1.2		0 247 6
sp	-20.0 7.0 0.0		1.2		0 254 0
sp	-17.837 6.657 0.0		1.2		0 247 6
sp	-15.886 5.663 0.0		1.2		0 229 24
sp	-14.337 4.114 0.0		1.2		0 201 52
sp	-13.343 2.163 0.0		1.2		0 166 87
sp	-13.0 0.0 0.0		1.2		0 127 126
sp	-13.343 -2.163 0.0		1.2		0 87 166
sp	-14.337 -4.114 0.0		1.2		0 52 201
sp	-15.886 -5.663 0.0		1.2		0 24 229
sp	-17.837 -6.657 0.0		1.2		0 6 247
sp	-20.0 -7.0 0.0		1.2		0 0 254
sp	-22.163 -6.657 0.0		1.2		0 6 247
sp	-24.114 -5.663 0.0		1.2		0 24 229
sp	-25.663 -4.114 0.0		1.2		0 52 201
sp	-26.657 -2.163 0.0		1.2		0 87 166
sp	-26.852 0.0 -2.822		1.2		0 127 113
sp	-26.511 2.163 -2.786		1.2		0 166 75
sp	-25.523 4.114 -2.683		1.2		0 201 42
sp	-23.982 5.663 -2.521		1.2		0 229 17
sp	-22.042 6.657 -2.317		1.2		0 247 2
sp	-19.89 7.0 -2.091		1.2		0 254 0
sp	-17.739 6.657 -1.864		1.2		0 247 10
sp	-15.798 5.663 -1.66		1.2		0 229 32
sp	-14.258 4.114 -1.499		1.2		0 201 63
sp	-13.27 2.163 -1.395		1.2		0 166 100
sp	-12.929 0.0 -1.359		1.2		0 127 140
sp	-13.27 -2.163 -1.395		1.2		0 87 178
sp	-14.258 -4.114 -1.499		1.2		0 52 211
sp	-15.798 -5.663 -1.66		1.2		0 24 236
sp	-17.739 -6.657 -1.864		1.2		0 6 251
sp	-19.89 -7.0 -2.091		1.2		0 0 253
sp	-22.042 -6.657 -2.317		1.2		0 6 243
sp	-23.982 -5.663 -2.521		1.2		0 24 221
sp	-25.523 -4.114 -2.683		1.2		0 52 190
sp	-26.511 -2.163 -2.786		1.2		0 87 153
sp	-26.41 0.0 -5.614		1.2		2 127 100
sp	-26.075 2.163 -5.542		1.2		2 166 63
sp	-25.102 4.114 -5.336		1.2		2 201 32
sp	-23.588 5.663 -5.014		1.2		2 229 10
sp	-21.679 6.657 -4.608		1.2		2 247 0
sp	-19.563 7.0 -4.158		1.2		2 254 2
sp	-17.447 6.657 -3.708		1.2		2 247 17
sp	-15.538 5.663 -3.303		1.2		2 229 42
sp	-14.024 4.114 -2.981		1.2		2 201 75
sp	-13.051 2.163 -2.774		1.2		2 166 113
sp	-12.716 0.0 -2.703		1.2		2 127 153
sp	-13.051 -2.163 -2.774		1.2		2 87 190
sp	-14.024 -4.114 -2.981		1.2		2 52 221
sp	-15.538 -5.663 -3.303		1.2		2 24 243
sp	-17.447 -6.657 -3.708		1.2		2 6 253
sp	-19.563 -7.0 -4.158		1.2		2 0 251
sp	-21.679 -6.657 -4.608		1.2		2 6 236
sp	-23.588 -5.663 -5.014		1.2		2 24 211
sp	-25.102 -4.114 -5.336		1.2		2 52 178
sp	-26.075 -2.163 -5.542		1.2		2 87 140
sp	-25.679 0.0 -8.343		1.2		6 127 87
sp	-25.353 2.163 -8.238		1.2		6 166 52
sp	-24.407 4.114 -7.93		1.2		6 201 24
sp	-22.934 5.663 -7.452		1.2		6 229 6
sp	-21.078 6.657 -6.849		1.2		6 247 0
sp	-19.021 7.0 -6.18		1.2		6 254 6
sp	-16.964 6.657 -5.512		1.2		6 247 24
sp	-15.108 5.663 -4.909		1.2		6 229 52
sp	-13.635 4.114 -4.43		1.2		6 201 87
sp	-12.69 2.163 -4.123		1.2		6 166 126
sp	-12.364 0.0 -4.017		1.2		6 127 166
sp	-12.69 -2.163 -4.123		1.2		6 87 201
sp	-13.635 -4.114 -4.43		1.2		6 52 229
sp	-15.108 -5.663 -4.909		1.2		6 24 247
sp	-16.964 -6.657 -5.512		1.2		6 6 254
sp	-19.021 -7.0 -6.18		1.2		6 0 247
sp	-21.078 -6.657 -6.849		1.2		6 6 229
sp	-22.934 -5.663 -7.452		1.2		6 24 201
sp	-24.407 -4.114 -7.93		1.2		6 52 166
sp	-25.353 -2.163 -8.238		1.2		6 87 127
sp	-24.666 0.0 -10.982		1.2		10 127 75
sp	-24.353 2.163 -10.843		1.2		10 166 42
sp	-23.444 4.114 -10.438		1.2		10 201 17
sp	-22.03 5.663 -9.808		1.2		10 229 2
sp	-20.247 6.657 -9.015		1.2		10 247 0
sp	-18.271 7.0 -8.135		1.2		10 254 10
sp	-16.295 6.657 -7.255		1.2		10 247 32
sp	-14.512 5.663 -6.461		1.2		10 229 63
sp	-13.097 4.114 -5.831		1.2		10 201 100
sp	-12.189 2.163 -5.427		1.2		10 166 140
sp	-11.876 0.0 -5.288		1.2		10 127 178
sp	-12.189 -2.163 -5.427		1.2		10 87 211
sp	-13.097 -4.114 -5.831		1.2		10 52 236
sp	-14.512 -5.663 -6.461		1.2		10 24 251
sp	-16.295 -6.657 -7.255		1.2		10 6 253
sp	-18.271 -7.0 -8.135		1.2		10 0 243
sp	-20.247 -6.657 -9.015		1.2		10 6 221
sp	-22.03 -5.663 -9.808		1.2		10 24 190
sp	-23.444 -4.114 -10.438		1.2		10 52 153
sp	-24.353 -2.163 -10.843		1.2		10 87 113
sp	-23.383 0.0 -13.5		1.2		17 127 63
sp	-23.086 2.163 -13.329		1.2		17 166 32
sp	-22.225 4.114 -12.832		1.2		17 201 10
sp	-20.884 5.663 -12.057		1.2		17 229 0
sp	-19.194 6.657 -11.082		1.2		17 247 2
sp	-17.321 7.0 -10.0		1.2		17 254 17
sp	-15.447 6.657 -8.918		1.2		17 247 42
sp	-13.757 5.663 -7.943		1.2		17 229 75
sp	-12.416 4.114 -7.168		1.2		17 201 113
sp	-11.555 2.163 -6.671		1.2		17 166 153
sp	-11.258 0.0 -6.5		1.2		17 127 190
sp	-11.555 -2.163 -6.671		1.2		17 87 221
sp	-12.416 -4.114 -7.168		1.2		17 52 243
sp	-13.757 -5.663 -7.943		1.2		17 24 253
sp	-15.447 -6.657 -8.918		1.2		17 6 251
sp	-17.321 -7.0 -10.0		1.2		17 0 236
sp	-19.194 -6.657 -11.082		1.2		17 6 211
sp	-20.884 -5.663 -12.057		1.2		17 24 178
sp	-22.225 -4.114 -12.832		1.2		17 52 140
sp	-23.086 -2.163 -13.329		1.2		17 87 100
sp	-21.843 0.0 -15.87		1.2		24 127 52
sp	-21.566 2.163 -15.669		1.2		24 166 24
sp	-20.762 4.114 -15.084		1.2		24 201 6
sp	-19.509 5.663 -14.174		1.2		24 229 0
sp	-17.93 6.657 -13.027		1.2		24 247 6
sp	-16.18 7.0 -11.756		1.2		24 254 24
sp	-14.43 6.657 -10.484		1.2		24 247 52
sp	-12.852 5.663 -9.337		1.2		24 229 87
sp	-11.599 4.114 -8.427		1.2		24 201 126
sp	-10.794 2.163 -7.843		1.2		24 166 166
sp	-10.517 0.0 -7.641		1.2		24 127 201
sp	-10.794 -2.163 -7.843		1.2		24 87 229
sp	-11.599 -4.114 -8.427		1.2		24 52 247
sp	-12.852 -5.663 -9.337		1.2		24 24 254
sp	-14.43 -6.657 -10.484		1.2		24 6 247
sp	-16.18 -7.0 -11.756		1.2		24 0 229
sp	-17.93 -6.657 -13.027		1.2		24 6 201
sp	-19.509 -5.663 -14.174		1.2		24 24 166
sp	-20.762 -4.114 -15.084		1.2		24 52 127
sp	-21.566 -2.163 -15.669		1.2		24 87 87
sp	-20.065 0.0 -18.067		1.2		32 127 42
sp	-19.81 2.163 -17.837		1.2		32 166 17
sp	-19.071 4.114 -17.172		1.2		32 201 2
sp	-17.921 5.663 -16.136		1.2		32 229 0
sp	-16.47 6.657 -14.83		1.2		32 247 10
sp	-14.863 7.0 -13.383		1.2		32 254 32
sp	-13.255 6.657 -11.935		1.2		32 247 63
sp	-11.805 5.663 -10.629		1.2		32 229 100
sp	-10.654 4.114 -9.593		1.2		32 201 140
sp	-9.915 2.163 -8.928		1.2		32 166 178
sp	-9.661 0.0 -8.699		1.2		32 127 211
sp	-9.915 -2.163 -8.928		1.2		32 87 236
sp	-10.654 -4.114 -9.593		1.2		32 52 251
sp	-11.805 -5.663 -10.629		1.2		32 24 253
sp	-13.255 -6.657 -11.935		1.2		32 6 243
sp	-14.863 -7.0 -13.383		1.2		32 0 221
sp	-16.47 -6.657 -14.83		1.2		32 6 190
sp	-17.921 -5.663 -16.136		1.2		32 24 153
sp	-19.071 -4.114 -17.172		1.2		32 52 113
sp	-19.81 -2.163 -17.837		1.2		32 87 75
sp	-18.067 0.0 -20.065		1.2		42 127 32
sp	-17.837 2.163 -19.81		1.2		42 166 10
sp	-17.172 4.114 -19.071		1.2		42 201 0
sp	-16.136 5.663 -17.921		1.2		42 229 2
sp	-14.83 6.657 -16.47		1.2		42 247 17
sp	-13.383 7.0 -14.863		1.2		42 254 42
sp	-11.935 6.657 -13.255		1.2		42 247 75
sp	-10.629 5.663 -11.805		1.2		42 229 113
sp	-9.593 4.114 -10.654		1.2		42 201 153
sp	-8.928 2.163 -9.915		1.2		42 166 190
sp	-8.699 0.0 -9.661		1.2		42 127 221
sp	-8.928 -2.163 -9.915		1.2		42 87 243
sp	-9.593 -4.114 -10.654		1.2		42 52 253
sp	-10.629 -5.663 -11.805		1.2		42 24 251
sp	-11.935 -6.657 -13.255		1.2		42 6 236
sp	-13.383 -7.0 -14.863		1.2		42 0 211
sp	-14.83 -6.657 -16.47		1.2		42 6 178
sp	-16.136 -5.663 -17.921		1.2		42 24 140
sp	-17.172 -4.114 -19.071		1.2		42 52 100
sp	-17.837 -2.163 -19.81		1.2		42 87 63
sp	-15.87 0.0 -21.843		1.2		52 127 24
sp	-15.669 2.163 -21.566		1.2		52 166 6
sp	-15.084 4.114 -20.762		1.2		52 201 0
sp	-14.174 5.663 -19.509		1.2		52 229 6
sp	-13.027 6.657 -17.93		1.2		52 247 24
sp	-11.756 7.0 -16.18		1.2		52 254 52
sp	-10.484 6.657 -14.43		1.2		52 247 87
sp	-9.337 5.663 -12.852		1.2		52 229 126
sp	-8.427 4.114 -11.599		1.2		52 201 166
sp	-7.843 2.163 -10.794		1.2		52 166 201
sp	-7.641 0.0 -10.517		1.2		52 127 229
sp	-7.843 -2.163 -10.794		1.2		52 87 247
sp	-8.427 -4.114 -11.599		1.2		52 52 254
sp	-9.337 -5.663 -12.852		1.2		52 24 247
sp	-10.484 -6.657 -14.43		1.2		52 6 229
sp	-11.756 -7.0 -16.18		1.2		52 0 201
sp	-13.027 -6.657 -17.93		1.2		52 6 166
sp	-14.174 -5.663 -19.509		1.2		52 24 127
sp	-15.084 -4.114 -20.762		1.2		52 52 87
sp	-15.669 -2.163 -21.566		1.2		52 87 52
sp	-13.5 0.0 -23.383		1.2		63 127 17
sp	-13.329 2.163 -23.086		1.2		63 166 2
sp	-12.832 4.114 -22.225		1.2		63 201 0
sp	-12.057 5.663 -20.884		1.2		63 229 10
sp	-11.082 6.657 -19.194		1.2		63 247 32
sp	-10.0 7.0 -17.321		1.2		63 254 63
sp	-8.918 6.657 -15.447		1.2		63 247 100
sp	-7.943 5.663 -13.757		1.2		63 229 140
sp	-7.168 4.114 -12.416		1.2		63 201 178
sp	-6.671 2.163 -11.555		1.2		63 166 211
sp	-6.5 0.0 -11.258		1.2		63 127 236
sp	-6.671 -2.163 -11.555		1.2		63 87 251
sp	-7.168 -4.114 -12.416		1.2		63 52 253
sp	-7.943 -5.663 -13.757		1.2		63 24 243
sp	-8.918 -6.657 -15.447		1.2		63 6 221
sp	-10.0 -7.0 -17.321		1.2		63 0 190
sp	-11.082 -6.657 -19.194		1.2		63 6 153
sp	-12.057 -5.663 -20.884		1.2		63 24 113
sp	-12.832 -4.114 -22.225		1.2		63 52 75
sp	-13.329 -2.163 -23.086		1.2		63 87 42
sp	-10.982 0.0 -24.666		1.2		75 127 10
sp	-10.843 2.163 -24.353		1.2		75 166 0
sp	-10.438 4.114 -23.444		1.2		75 201 2
sp	-9.808 5.663 -22.03		1.2		75 229 17
sp	-9.015 6.657 -20.247		1.2		75 247 42
sp	-8.135 7.0 -18.271		1.2		75 254 75
sp	-7.255 6.657 -16.295		1.2		75 247 113
sp	-6.461 5.663 -14.512		1.2		75 229 153
sp	-5.831 4.114 -13.097		1.2		75 201 190
sp	-5.427 2.163 -12.189		1.2		75 166 221
sp	-5.288 0.0 -11.876		1.2		75 127 243
sp	-5.427 -2.163 -12.189		1.2		75 87 253
sp	-5.831 -4.114 -13.097		1.2		75 52 251
sp	-6.461 -5.663 -14.512		1.2		75 24 236
sp	-7.255 -6.657 -16.295		1.2		75 6 211
sp	-8.135 -7.0 -18.271		1.2		75 0 178
sp	-9.015 -6.657 -20.247		1.2		75 6 140
sp	-9.808 -5.663 -22.03		1.2		75 24 100
sp	-10.438 -4.114 -23.444		1.2		75 52 63
sp	-10.843 -2.163 -24.353		1.2		75 87 32
sp	-8.343 0.0 -25.679		1.2		87 127 6
sp	-8.238 2.163 -25.353		1.2		87 166 0
sp	-7.93 4.114 -24.407		1.2		87 201 6
sp	-7.452 5.663 -22.934		1.2		87 229 24
sp	-6.849 6.657 -21.078		1.2		87 247 52
sp	-6.18 7.0 -19.021		1.2		87 254 87
sp	-5.512 6.657 -16.964		1.2		87 247 126
sp	-4.909 5.663 -15.108		1.2		87 229 166
sp	-4.43 4.114 -13.635		1.2		87 201 201
sp	-4.123 2.163 -12.69		1.2		87 166 229
sp	-4.017 0.0 -12.364		1.2		87 127 247
sp	-4.123 -2.163 -12.69		1.2		87 87 254
sp	-4.43 -4.114 -13.635		1.2		87 52 247
sp	-4.909 -5.663 -15.108		1.2		87 24 229
sp	-5.512 -6.657 -16.964		1.2		87 6 201
sp	-6.18 -7.0 -19.021		1.2		87 0 166
sp	-6.849 -6.657 -21.078		1.2		87 6 127
sp	-7.452 -5.663 -22.934		1.2		87 24 87
sp	-7.93 -4.114 -24.407		1.2		87 52 52
sp	-8.238 -2.163 -25.353		1.2		87 87 24
sp	-5.614 0.0 -26.41		1.2		100 127 2
sp	-5.542 2.163 -26.075		1.2		100 166 0
sp	-5.336 4.114 -25.102		1.2		100 201 10
sp	-5.014 5.663 -23.588		1.2		100 229 32
sp	-4.608 6.657 -21.679		1.2		100 247 63
sp	-4.158 7.0 -19.563		1.2		100 254 100
sp	-3.708 6.657 -17.447		1.2		100 247 140
sp	-3.303 5.663 -15.538		1.2		100 229 178
sp	-2.981 4.114 -14.024		1.2		100 201 211
sp	-2.774 2.163 -13.051		1.2		100 166 236
sp	-2.703 0.0 -12.716		1.2		100 127 251
sp	-2.774 -2.163 -13.051		1.2		100 87 253
sp	-2.981 -4.114 -14.024		1.2		100 52 243
sp	-3.303 -5.663 -15.538		1.2		100 24 221
sp	-3.708 -6.657 -17.447		1.2		100 6 190
sp	-4.158 -7.0 -19.563		1.2		100 0 153
sp	-4.608 -6.657 -21.679		1.2		100 6 113
sp	-5.014 -5.663 -23.588		1.2		100 24 75
sp	-5.336 -4.114 -25.102		1.2		100 52 42
sp	-5.542 -2.163 -26.075		1.2		100 87 17
sp	-2.822 0.0 -26.852		1.2		113 127 0
sp	-2.786 2.163 -26.511		1.2		113 166 2
sp	-2.683 4.114 -25.523		1.2		113 201 17
sp	-2.521 5.663 -23.982		1.2		113 229 42
sp	-2.317 6.657 -22.042		1.2		113 247 75
sp	-2.091 7.0 -19.89		1.2		113 254 113
sp	-1.864 6.657 -17.739		1.2		113 247 153
sp	-1.66 5.663 -15.798		1.2		113 229 190
sp	-1.499 4.114 -14.258		1.2		113 201 221
sp	-1.395 2.163 -13.27		1.2		113 166 243
sp	-1.359 0.0 -12.929		1.2		113 127 253
sp	-1.395 -2.163 -13.27		1.2		113 87 251
sp	-1.499 -4.114 -14.258		1.2		113 52 236
sp	-1.66 -5.663 -15.798		1.2		113 24 211
sp	-1.864 -6.657 -17.739		1.2		113 6 178
sp	-2.091 -7.0 -19.89		1.2		113 0 140
sp	-2.317 -6.657 -22.042		1.2		113 6 100
sp	-2.521 -5.663 -23.982		1.2		113 24 63
sp	-2.683 -4.114 -25.523		1.2		113 52 32
sp	-2.786 -2.163 -26.511		1.2		113 87 10
sp	-0.0 0.0 -27.0		1.2		126 127 0
sp	-0.0 2.163 -26.657		1.2		126 166 6
sp	-0.0 4.114 -25.663		1.2		126 201 24
sp	-0.0 5.663 -24.114		1.2		126 229 52
sp	-0.0 6.657 -22.163		1.2		126 247 87
sp	-0.0 7.0 -20.0		1.2		126 254 126
sp	-0.0 6.657 -17.837		1.2		126 247 166
sp	-0.0 5.663 -15.886		1.2		126 229 201
sp	-0.0 4.114 -14.337		1.2		126 201 229
sp	-0.0 2.163 -13.343		1.2		126 166 247
sp	-0.0 0.0 -13.0		1.2		126 127 254
sp	-0.0 -2.163 -13.343		1.2		126 87 247
sp	-0.0 -4.114 -14.337		1.2		126 52 229
sp	-0.0 -5.663 -15.886		1.2		126 24 201
sp	-0.0 -6.657 -17.837		1.2		126 6 166
sp	-0.0 -7.0 -20.0		1.2		126 0 127
sp	-0.0 -6.657 -22.163		1.2		126 6 87
sp	-0.0 -5.663 -24.114		1.2		126 24 52
sp	-0.0 -4.114 -25.663		1.2		126 52 24
sp	-0.0 -2.163 -26.657		1.2		126 87 6
sp	2.822 0.0 -26.852		1.2		140 127 0
sp	2.786 2.163 -26.511		1.2		140 166 10
sp	2.683 4.114 -25.523		1.2		140 201 32
sp	2.521 5.663 -23.982		1.2		140 229 63
sp	2.317 6.657 -22.042		1.2		140 247 100
sp	2.091 7.0 -19.89		1.2		140 254 140
sp	1.864 6.657 -17.739		1.2		140 247 178
sp	1.66 5.663 -15.798		1.2		140 229 211
sp	1.499 4.114 -14.258		1.2		140 201 236
sp	1.395 2.163 -13.27		1.2		140 166 251
sp	1.359 0.0 -12.929		1.2		140 127 253
sp	1.395 -2.163 -13.27		1.2		140 87 243
sp	1.499 -4.114 -14.258		1.2		140 52 221
sp	1.66 -5.663 -15.798		1.2		140 24 190
sp	1.864 -6.657 -17.739		1.2		140 6 153
sp	2.091 -7.0 -19.89		1.2		140 0 113
sp	2.317 -6.657 -22.042		1.2		140 6 75
sp	2.521 -5.663 -23.982		1.2		140 24 42
sp	2.683 -4.114 -25.523		1.2		140 52 17
sp	2.786 -2.163 -26.511		1.2		140 87 2
sp	5.614 0.0 -26.41		1.2		153 127 2
sp	5.542 2.163 -26.075		1.2		153 166 17
sp	5.336 4.114 -25.102		1.2		153 201 42
sp	5.014 5.663 -23.588		1.2		153 229 75
sp	4.608 6.657 -21.679		1.2		153 247 113
sp	4.158 7.0 -19.563		1.2		153 254 153
sp	3.708 6.657 -17.447		1.2		153 247 190
sp	3.303 5.663 -15.538		1.2		153 229 221
sp	2.981 4.114 -14.024		1.2		153 201 243
sp	2.774 2.163 -13.051		1.2		153 166 253
sp	2.703 0.0 -12.716		1.2		153 127 251
sp	2.774 -2.163 -13.051		1.2		153 87 236
sp	2.981 -4.114 -14.024		1.2		153 52 211
sp	3.303 -5.663 -15.538		1.2		153 24 178
sp	3.708 -6.657 -17.447		1.2		153 6 140
sp	4.158 -7.0 -19.563		1.2		153 0 100
sp	4.608 -6.657 -21.679		1.2		153 6 63
sp	5.014 -5.663 -23.588		1.2		153 24 32
sp	5.336 -4.114 -25.102		1.2		153 52 10
sp	5.542 -2.163 -26.075		1.2		153 87 0
sp	8.343 0.0 -25.679		1.2		166 127 6
sp	8.238 2.163 -25.353		1.2		166 166 24
sp	7.93 4.114 -24.407		1.2		166 201 52
sp	7.452 5.663 -22.934		1.2		166 229 87
sp	6.849 6.657 -21.078		1.2		166 247 126
sp	6.18 7.0 -19.021		1.2		166 254 166
sp	5.512 6.657 -16.964		1.2		166 247 201
sp	4.909 5.663 -15.108		1.2		166 229 229
sp	4.43 4.114 -13.635		1.2		166 201 247
sp	4.123 2.163 -12.69		1.2		166 166 254
sp	4.017 0.0 -12.364		1.2		166 127 247
sp	4.123 -2.163 -12.69		1.2		166 87 229
sp	4.43 -4.114 -13.635		1.2		166 52 201
sp	4.909 -5.663 -15.108		1.2		166 24 166
sp	5.512 -6.657 -16.964		1.2		166 6 127
sp	6.18 -7.0 -19.021		1.2		166 0 87
sp	6.849 -6.657 -21.078		1.2		166 6 52
sp	7.452 -5.663 -22.934		1.2		166 24 24
sp	7.93 -4.114 -24.407		1.2		166 52 6
sp	8.238 -2.163 -25.353		1.2		166 87 0
sp	10.982 0.0 -24.666		1.2		178 127 10
sp	10.843 2.163 -24.353		1.2		178 166 32
sp	10.438 4.114 -23.444		1.2		178 201 63
sp	9.808 5.663 -22.03		1.2		178 229 100
sp	9.015 6.657 -20.247		1.2		178 247 140
sp	8.135 7.0 -18.271		1.2		178 254 178
sp	7.255 6.657 -16.295		1.2		178 247 211
sp	6.461 5.663 -14.512		1.2		178 229 236
sp	5.831 4.114 -13.097		1.2		178 201 251
sp	5.427 2.163 -12.189		1.2		178 166 253
sp	5.288 0.0 -11.876		1.2		178 127 243
sp	5.427 -2.163 -12.189		1.2		178 87 221
sp	5.831 -4.114 -13.097		1.2		178 52 190
sp	6.461 -5.663 -14.512		1.2		178 24 153
sp	7.255 -6.657 -16.295		1.2		178 6 113
sp	8.135 -7.0 -18.271		1.2		178 0 75
sp	9.015 -6.657 -20.247		1.2		178 6 42
sp	9.808 -5.663 -22.03		1.2		178 24 17
sp	10.438 -4.114 -23.444		1.2		178 52 2
sp	10.843 -2.163 -24.353		1.2		178 87 0
sp	13.5 0.0 -23.383		1.2		190 127 17
sp	13.329 2.163 -23.086		1.2		190 166 42
sp	12.832 4.114 -22.225		1.2		190 201 75
sp	12.057 5.663 -20.884		1.2		190 229 113
sp	11.082 6.657 -19.194		1.2		190 247 153
sp	10.0 7.0 -17.321		1.2		190 254 190
sp	8.918 6.657 -15.447		1.2		190 247 221
sp	7.943 5.663 -13.757		1.2		190 229 243
sp	7.168 4.114 -12.416		1.2		190 201 253
sp	6.671 2.163 -11.555		1.2		190 166 251
sp	6.5 0.0 -11.258		1.2		190 127 236
sp	6.671 -2.163 -11.555		1.2		190 87 211
sp	7.168 -4.114 -12.416		1.2		190 52 178
sp	7.943 -5.663 -13.757		1.2		190 24 140
sp	8.918 -6.657 -15.447		1.2		190 6 100
sp	10.0 -7.0 -17.321		1.2		190 0 63
sp	11.082 -6.657 -19.194		1.2		190 6 32
sp	12.057 -5.663 -20.884		1.2		190 24 10
sp	12.832 -4.114 -22.225		1.2		190 52 0
sp	13.329 -2.163 -23.086		1.2		190 87 2
sp	15.87 0.0 -21.843		1.2		201 127 24
sp	15.669 2.163 -21.566		1.2		201 166 52
sp	15.084 4.114 -20.762		1.2		201 201 87
sp	14.174 5.663 -19.509		1.2		201 229 126
sp	13.027 6.657 -17.93		1.2		201 247 166
sp	11.756 7.0 -16.18		1.2		201 254 201
sp	10.484 6.657 -14.43		1.2		201 247 229
sp	9.337 5.663 -12.852		1.2		201 229 247
sp	8.427 4.114 -11.599		1.2		201 201 254
sp	7.843 2.163 -10.794		1.2		201 166 247
sp	7.641 0.0 -10.517		1.2		201 127 229
sp	7.843 -2.163 -10.794		1.2		201 87 201
sp	8.427 -4.114 -11.599		1.2		201 52 166
sp	9.337 -5.663 -12.852		1.2		201 24 127
sp	10.484 -6.657 -14.43		1.2		201 6 87
sp	11.756 -7.0 -16.18		1.2		201 0 52
sp	13.027 -6.657 -17.93		1.2		201 6 24
sp	14.174 -5.663 -19.509		1.2		201 24 6
sp	15.084 -4.114 -20.762		1.2		201 52 0
sp	15.669 -2.163 -21.566		1.2		201 87 6
sp	18.067 0.0 -20.065		1.2		211 127 32
sp	17.837 2.163 -19.81		1.2		211 166 63
sp	17.172 4.114 -19.071		1.2		211 201 100
sp	16.136 5.663 -17.921		1.2		211 229 140
sp	14.83 6.657 -16.47		1.2		211 247 178
sp	13.383 7.0 -14.863		1.2		211 254 211
sp	11.935 6.657 -13.255		1.2		211 247 236
sp	10.629 5.663 -11.805		1.2		211 229 251
sp	9.593 4.114 -10.654		1.2		211 201 253
sp	8.928 2.163 -9.915		1.2		211 166 243
sp	8.699 0.0 -9.661		1.2		211 127 221
sp	8.928 -2.163 -9.915		1.2		211 87 190
sp	9.593 -4.114 -10.654		1.2		211 52 153
sp	10.629 -5.663 -11.805		1.2		211 24 113
sp	11.935 -6.657 -13.255		1.2		211 6 75
sp	13.383 -7.0 -14.863		1.2		211 0 42
sp	14.83 -6.657 -16.47		1.2		211 6 17
sp	16.136 -5.663 -17.921		1.2		211 24 2
sp	17.172 -4.114 -19.071		1.2		211 52 0
sp	17.837 -2.163 -19.81		1.2		211 87 10
sp	20.065 0.0 -18.067		1.2		221 127 42
sp	19.81 2.163 -17.837		1.2		221 166 75
sp	19.071 4.114 -17.172		1.2		221 201 113
sp	17.921 5.663 -16.136		1.2		221 229 153
sp	16.47 6.657 -14.83		1.2		221 247 190
sp	14.863 7.0 -13.383		1.2		221 254 221
sp	13.255 6.657 -11.935		1.2		221 247 243
sp	11.805 5.663 -10.629		1.2		221 229 253
sp	10.654 4.114 -9.593		1.2		221 201 251
sp	9.915 2.163 -8.928		1.2		221 166 236
sp	9.661 0.0 -8.699		1.2		221 127 211
sp	9.915 -2.163 -8.928		1.2		221 87 178
sp	10.654 -4.114 -9.593		1.2		221 52 140
sp	11.805 -5.663 -10.629		1.2		221 24 100
sp	13.255 -6.657 -11.935		1.2		221 6 63
sp	14.863 -7.0 -13.383		1.2		221 0 32
sp	16.47 -6.657 -14.83		1.2		221 6 10
sp	17.921 -5.663 -16.136		1.2		221 24 0
sp	19.071 -4.114 -17.172		1.2		221 52 2
sp	19.81 -2.163 -17.837		1.2		221 87 17
sp	21.843 0.0 -15.87		1.2		229 127 52
sp	21.566 2.163 -15.669		1.2		229 166 87
sp	20.762 4.114 -15.084		1.2		229 201 126
sp	19.509 5.663 -14.174		1.2		229 229 166
sp	17.93 6.657 -13.027		1.2		229 247 201
sp	16.18 7.0 -11.756		1.2		229 254 229
sp	14.43 6.657 -10.484		1.2		229 247 247
sp	12.852 5.663 -9.337		1.2		229 229 254
sp	11.599 4.114 -8.427		1.2		229 201 247
sp	10.794 2.163 -7.843		1.2		229 166 229
sp	10.517 0.0 -7.641		1.2		229 127 201
sp	10.794 -2.163 -7.843		1.2		229 87 166
sp	11.599 -4.114 -8.427		1.2		229 52 127
sp	12.852 -5.663 -9.337		1.2		229 24 87
sp	14.43 -6.657 -10.484		1.2		229 6 52
sp	16.18 -7.0 -11.756		1.2		229 0 24
sp	17.93 -6.657 -13.027		1.2		229 6 6
sp	19.509 -5.663 -14.174		1.2		229 24 0
sp	20.762 -4.114 -15.084		1.2		229 52 6
sp	21.566 -2.163 -15.669		1.2		229 87 24
sp	23.383 0.0 -13.5		1.2		236 127 63
sp	23.086 2.163 -13.329		1.2		236 166 100
sp	22.225 4.114 -12.832		1.2		236 201 140
sp	20.884 5.663 -12.057		1.2		236 229 178
sp	19.194 6.657 -11.082		1.2		236 247 211
sp	17.321 7.0 -10.0		1.2		236 254 236
sp	15.447 6.657 -8.918		1.2		236 247 251
sp	13.757 5.663 -7.943		1.2		236 229 253
sp	12.416 4.114 -7.168		1.2		236 201 243
sp	11.555 2.163 -6.671		1.2		236 166 221
sp	11.258 0.0 -6.5		1.2		236 127 190
sp	11.555 -2.163 -6.671		1.2		236 87 153
sp	12.416 -4.114 -7.168		1.2		236 52 113
sp	13.757 -5.663 -7.943		1.2		236 24 75
sp	15.447 -6.657 -8.918		1.2		236 6 42
sp	17.321 -7.0 -10.0		1.2		236 0 17
sp	19.194 -6.657 -11.082		1.2		236 6 2
sp	20.884 -5.663 -12.057		1.2		236 24 0
sp	22.225 -4.114 -12.832		1.2		236 52 10
sp	23.086 -2.163 -13.329		1.2		236 87 32
sp	24.666 0.0 -10.982		1.2		243 127 75
sp	24.353 2.163 -10.843		1.2		243 166 113
sp	23.444 4.114 -10.438		1.2		243 201 153
sp	22.03 5.663 -9.808		1.2		243 229 190
sp	20.247 6.657 -9.015		1.2		243 247 221
sp	18.271 7.0 -8.135		1.2		243 254 243
sp	16.295 6.657 -7.255		1.2		243 247 253
sp	14.512 5.663 -6.461		1.2		243 229 251
sp	13.097 4.114 -5.831		1.2		243 201 236
sp	12.189 2.163 -5.427		1.2		243 166 211
sp	11.876 0.0 -5.288		1.2		243 127 178
sp	12.189 -2.163 -5.427		1.2		243 87 140
sp	13.097 -4.114 -5.831		1.2		243 52 100
sp	14.512 -5.663 -6.461		1.2		243 24 63
sp	16.295 -6.657 -7.255		1.2		243 6 32
sp	18.271 -7.0 -8.135		1.2		243 0 10
sp	20.247 -6.657 -9.015		1.2		243 6 0
sp	22.03 -5.663 -9.808		1.2		243 24 2
sp	23.444 -4.114 -10.438		1.2		243 52 17
sp	24.353 -2.163 -10.843		1.2		243 87 42
sp	25.679 0.0 -8.343		1.2		247 127 87
sp	25.353 2.163 -8.238		1.2		247 166 126
sp	24.407 4.114 -7.93		1.2		247 201 166
sp	22.934 5.663 -7.452		1.2		247 229 201
sp	21.078 6.657 -6.849		1.2		247 247 229
sp	19.021 7.0 -6.18		1.2		247 254 247
sp	16.964 6.657 -5.512		1.2		247 247 254
sp	15.108 5.663 -4.909		1.2		247 229 247
sp	13.635 4.114 -4.43		1.2		247 201 229
sp	12.69 2.163 -4.123		1.2		247 166 201
sp	12.364 0.0 -4.017		1.2		247 127 166
sp	12.69 -2.163 -4.123		1.2		247 87 127
sp	13.635 -4.114 -4.43		1.2		247 52 87
sp	15.108 -5.663 -4.909		1.2		247 24 52
sp	16.964 -6.657 -5.512		1.2		247 6 24
sp	19.021 -7.0 -6.18		1.2		247 0 6
sp	21.078 -6.657 -6.849		1.2		247 6 0
sp	22.934 -5.663 -7.452		1.2		247 24 6
sp	24.407 -4.114 -7.93		1.2		247 52 24
sp	25.353 -2.163 -8.238		1.2		247 87 52
sp	26.41 0.0 -5.614		1.2		251 127 100
sp	26.075 2.163 -5.542		1.2		251 166 140
sp	25.102 4.114 -5.336		1.2		251 201 178
sp	23.588 5.663 -5.014		1.2		251 229 211
sp	21.679 6.657 -4.608		1.2		251 247 236
sp	19.563 7.0 -4.158		1.2		251 254 251
sp	17.447 6.657 -3.708		1.2		251 247 253
sp	15.538 5.663 -3.303		1.2		251 229 243
sp	14.024 4.114 -2.981		1.2		251 201 221
sp	13.051 2.163 -2.774		1.2		251 166 190
sp	12.716 0.0 -2.703		1.2		251 127 153
sp	13.051 -2.163 -2.774		1.2		251 87 113
sp	14.024 -4.114 -2.981		1.2		251 52 75
sp	15.538 -5.663 -3.303		1.2		251 24 42
sp	17.447 -6.657 -3.708		1.2		251 6 17
sp	19.563 -7.0 -4.158		1.2		251 0 2
sp	21.679 -6.657 -4.608		1.2		251 6 0
sp	23.588 -5.663 -5.014		1.2		251 24 10
sp	25.102 -4.114 -5.336		1.2		251 52 32
sp	26.075 -2.163 -5.542		1.2		251 87 63
sp	26.852 0.0 -2.822		1.2		253 127 113
sp	26.511 2.163 -2.786		1.2		253 166 153
sp	25.523 4.114 -2.683		1.2		253 201 190
sp	23.982 5.663 -2.521		1.2		253 229 221
sp	22.042 6.657 -2.317		1.2		253 247 243
sp	19.89 7.0 -2.091		1.2		253 254 253
sp	17.739 6.657 -1.864		1.2		253 247 251
sp	15.798 5.663 -1.66		1.2		253 229 236
sp	14.258 4.114 -1.499		1.2		253 201 211
sp	13.27 2.163 -1.395		1.2		253 166 178
sp	12.929 0.0 -1.359		1.2		253 127 140
sp	13.27 -2.163 -1.395		1.2		253 87 100
sp	14.258 -4.114 -1.499		1.2		253 52 63
sp	15.798 -5.663 -1.66		1.2		253 24 32
sp	17.739 -6.657 -1.864		1.2		253 6 10
sp	19.89 -7.0 -2.091		1.2		253 0 0
sp	22.042 -6.657 -2.317		1.2		253 6 2
sp	23.982 -5.663 -2.521		1.2		253 24 17
sp	25.523 -4.114 -2.683		1.2		253 52 42
sp	26.511 -2.163 -2.786		1.2		253 87 75
